flight_number,date,origin_airport,destination_airport,scheduled_departure_time,scheduled_arrival_time,actual_departure_time,actual_arrival_time,wheels_on_time,wheels_off_time,cancelled,origin_time_zone,destination_time_zone
1399,2017-02-09,LGA,MIA,5.6,8.81667,23.9333,23.9333,23.9333,23.9333,True,America/New_York,America/New_York
2266,2017-02-09,LGA,MIA,6.91667,10.2,23.9333,23.9333,23.9333,23.9333,True,America/New_York,America/New_York
1805,2017-02-09,LGA,MIA,6.93333,10.3833,23.9333,23.9333,23.9333,23.9333,True,America/New_York,America/New_York
1410,2017-02-09,LGA,MIA,7.93333,11.2833,23.9333,23.9333,23.9333,23.9333,True,America/New_York,America/New_York
1595,2017-02-09,LGA,MIA,9.43333,13.0833,23.9333,23.9333,23.9333,23.9333,True,America/New_York,America/New_York
346,2017-02-09,LGA,MIA,9.55,13.2667,23.9333,23.9333,23.9333,23.9333,True,America/New_York,America/New_York
1103,2017-02-09,LGA,MIA,9.76667,13.3167,23.9333,23.9333,23.9333,23.9333,True,America/New_York,America/New_York
1082,2017-02-09,LGA,MIA,10.9333,14.5333,23.9333,23.9333,23.9333,23.9333,True,America/New_York,America/New_York
1765,2017-02-09,LGA,MIA,11.1,14.75,23.9333,23.9333,23.9333,23.9333,True,America/New_York,America/New_York
1311,2017-02-09,LGA,MIA,12.4333,15.85,23.9333,23.9333,23.9333,23.9333,True,America/New_York,America/New_York
1816,2017-02-09,LGA,MIA,12.9167,16.4333,23.9333,23.9333,23.9333,23.9333,True,America/New_York,America/New_York
1365,2017-02-09,LGA,MIA,12.9167,16.3333,23.9333,23.9333,23.9333,23.9333,True,America/New_York,America/New_York
2550,2017-02-09,LGA,MIA,13.4167,16.8667,23.9333,23.9333,23.9333,23.9333,True,America/New_York,America/New_York
1621,2017-02-09,LGA,MIA,15.4333,19.0333,23.9333,23.9333,23.9333,23.9333,True,America/New_York,America/New_York
1982,2017-02-09,LGA,MIA,15.4667,19.1167,17.9,21.2333,21.1,18.5833,False,America/New_York,America/New_York
1366,2017-02-09,LGA,MIA,17.1833,20.8333,23.9333,23.9333,23.9333,23.9333,True,America/New_York,America/New_York
2338,2017-02-09,LGA,MIA,19.4167,23.0167,24.7167,27.75,27.6333,25.45,False,America/New_York,America/New_York
1389,2017-02-09,LGA,MIA,19.9167,23.4333,21.8667,24.4833,24.4167,22.2,False,America/New_York,America/New_York
2240,2017-02-09,LGA,MIA,20.9333,24.25,22.5,25.4,25.3167,23.0667,False,America/New_York,America/New_York
332,2017-02-09,LGA,IAH,5.85,9.96667,23.9333,24.85,23.9333,23.9333,True,America/New_York,America/Chicago
1077,2017-02-09,LGA,IAH,7.18333,11.2333,23.9333,24.85,23.9333,23.9333,True,America/New_York,America/Chicago
1429,2017-02-09,LGA,IAH,8.71667,12.9667,23.9333,24.85,23.9333,23.9333,True,America/New_York,America/Chicago
1973,2017-02-09,LGA,IAH,10.1,14.35,23.9333,24.85,23.9333,23.9333,True,America/New_York,America/Chicago
1805,2017-02-09,LGA,IAH,13.4333,17.6,23.9333,24.85,23.9333,23.9333,True,America/New_York,America/Chicago
1782,2017-02-09,LGA,IAH,15.6833,19.9667,23.9333,24.85,23.9333,23.9333,True,America/New_York,America/Chicago
119,2017-02-09,LGA,IAH,16.6833,20.9833,19.6333,22.8833,21.8667,19.8667,False,America/New_York,America/Chicago
1167,2017-02-09,LGA,IAH,18.5167,22.7333,19.2,22.6,21.5667,19.4167,False,America/New_York,America/Chicago
121,2017-02-09,LGA,MSP,5.93333,9,5.86667,8.95,7.96667,6.5,False,America/New_York,America/Chicago
2119,2017-02-09,LGA,MSP,8.43333,11.6167,17.7833,21.9167,20.9333,19.35,False,America/New_York,America/Chicago
1422,2017-02-09,LGA,MSP,9.93333,13.35,23.9333,24.85,23.9333,23.9333,True,America/New_York,America/Chicago
2160,2017-02-09,LGA,MSP,11.4333,14.7667,23.9333,24.85,23.9333,23.9333,True,America/New_York,America/Chicago
1518,2017-02-09,LGA,MSP,14.3333,17.4667,23.9333,24.85,23.9333,23.9333,True,America/New_York,America/Chicago
1531,2017-02-09,LGA,MSP,16.4167,19.8333,23.9333,24.85,23.9333,23.9333,True,America/New_York,America/Chicago
1345,2017-02-09,LGA,MSP,18.35,21.75,23.4167,26.9833,2.01667,0.316667,False,America/New_York,America/Chicago
1568,2017-02-09,LGA,DTW,5.93333,8.45,23.9333,24.5333,23.9333,23.9333,True,America/New_York,America/Detroit
1073,2017-02-09,LGA,DTW,7.3,9.95,18.7333,21.8833,21.1833,19.85,False,America/New_York,America/Detroit
879,2017-02-09,LGA,DTW,9.1,11.9667,17.5,20.4833,19.7833,18.5333,False,America/New_York,America/Detroit
475,2017-02-09,LGA,DTW,9.8,12.4667,23.9333,24.5333,23.9333,23.9333,True,America/New_York,America/Detroit
583,2017-02-09,LGA,DTW,12.5167,15.2,23.9333,24.5333,23.9333,23.9333,True,America/New_York,America/Detroit
1368,2017-02-09,LGA,DTW,14.7167,17.4833,23.9333,24.5333,23.9333,23.9333,True,America/New_York,America/Detroit
922,2017-02-09,LGA,DTW,16.75,19.4667,23.9333,24.5333,23.9333,23.9333,True,America/New_York,America/Detroit
2209,2017-02-09,LGA,DTW,16.9167,19.8333,19.1833,22.1,21.4167,20.1167,False,America/New_York,America/Detroit
2131,2017-02-09,LGA,DTW,18.9167,21.8333,23.9333,24.5333,23.9333,23.9333,True,America/New_York,America/Detroit
1272,2017-02-09,LGA,DTW,20.1833,23.0333,23.9333,24.5333,23.9333,23.9333,True,America/New_York,America/Detroit
1931,2017-02-09,LGA,ATL,5.93333,8.66667,23.9333,23.9333,23.9333,23.9333,True,America/New_York,America/New_York
1604,2017-02-09,LGA,ATL,6.43333,9.1,23.9333,23.9333,23.9333,23.9333,True,America/New_York,America/New_York
904,2017-02-09,LGA,ATL,6.93333,9.66667,23.9333,23.9333,23.9333,23.9333,True,America/New_York,America/New_York
1933,2017-02-09,LGA,ATL,7.85,10.5833,23.9333,23.9333,23.9333,23.9333,True,America/New_York,America/New_York
1935,2017-02-09,LGA,ATL,8.85,11.75,23.9333,23.9333,23.9333,23.9333,True,America/New_York,America/New_York
1937,2017-02-09,LGA,ATL,9.85,12.8,23.9333,23.9333,23.9333,23.9333,True,America/New_York,America/New_York
609,2017-02-09,LGA,ATL,10.35,13.1833,23.9333,23.9333,23.9333,23.9333,True,America/New_York,America/New_York
1939,2017-02-09,LGA,ATL,10.85,13.7167,23.9333,23.9333,23.9333,23.9333,True,America/New_York,America/New_York
781,2017-02-09,LGA,ATL,11.85,14.7,23.9333,23.9333,23.9333,23.9333,True,America/New_York,America/New_York
1941,2017-02-09,LGA,ATL,12.85,15.6833,23.9333,23.9333,23.9333,23.9333,True,America/New_York,America/New_York
1678,2017-02-09,LGA,ATL,13.5333,16.2167,23.9333,23.9333,23.9333,23.9333,True,America/New_York,America/New_York
4503,2017-02-09,LGA,ATL,13.6833,16.35,23.9333,23.9333,23.9333,23.9333,True,America/New_York,America/New_York
1943,2017-02-09,LGA,ATL,13.85,16.65,23.9333,23.9333,23.9333,23.9333,True,America/New_York,America/New_York
1945,2017-02-09,LGA,ATL,14.85,17.7667,23.9333,23.9333,23.9333,23.9333,True,America/New_York,America/New_York
1947,2017-02-09,LGA,ATL,15.85,18.8333,23.9333,23.9333,23.9333,23.9333,True,America/New_York,America/New_York
4200,2017-02-09,LGA,ATL,16.35,19.1833,23.9333,23.9333,23.9333,23.9333,True,America/New_York,America/New_York
1949,2017-02-09,LGA,ATL,16.85,19.8167,23.9333,23.9333,23.9333,23.9333,True,America/New_York,America/New_York
1819,2017-02-09,LGA,ATL,17.2667,20.1,23.9333,23.9333,23.9333,23.9333,True,America/New_York,America/New_York
1951,2017-02-09,LGA,ATL,17.85,20.8333,23.9333,23.9333,23.9333,23.9333,True,America/New_York,America/New_York
423,2017-02-09,LGA,ATL,18.4333,21.3667,23.9333,23.9333,23.9333,23.9333,True,America/New_York,America/New_York
1953,2017-02-09,LGA,ATL,18.85,21.8667,21.5833,24.5833,24.5167,22.8833,False,America/New_York,America/New_York
1955,2017-02-09,LGA,ATL,19.85,22.8167,22.2667,24.25,24.15,22.4833,False,America/New_York,America/New_York
1687,2017-02-09,LGA,ATL,19.9167,22.6667,20.2,22.1833,22.0833,20.3833,False,America/New_York,America/New_York
887,2017-02-09,LGA,ATL,20.2667,23.0167,23.9333,23.9333,23.9333,23.9333,True,America/New_York,America/New_York
1957,2017-02-09,LGA,ATL,20.85,23.6167,22.0833,24.1,24.0167,22.3833,False,America/New_York,America/New_York
1281,2017-02-09,LGA,DFW,5.93333,9.98333,23.9333,24.85,23.9333,23.9333,True,America/New_York,America/Chicago
2177,2017-02-09,LGA,DFW,7.41667,11.5333,23.9333,24.85,23.9333,23.9333,True,America/New_York,America/Chicago
149,2017-02-09,LGA,DFW,7.76667,11.8833,23.9333,24.85,23.9333,23.9333,True,America/New_York,America/Chicago
1114,2017-02-09,LGA,DFW,8.93333,13.1833,23.9333,24.85,23.9333,23.9333,True,America/New_York,America/Chicago
1131,2017-02-09,LGA,DFW,10.2167,14.5833,23.9333,24.85,23.9333,23.9333,True,America/New_York,America/Chicago
1141,2017-02-09,LGA,DFW,12.5167,16.7,23.9333,24.85,23.9333,23.9333,True,America/New_York,America/Chicago
917,2017-02-09,LGA,DFW,13.7667,17.75,23.9333,24.85,23.9333,23.9333,True,America/New_York,America/Chicago
1112,2017-02-09,LGA,DFW,14.5667,18.6833,23.9333,24.85,23.9333,23.9333,True,America/New_York,America/Chicago
2238,2017-02-09,LGA,DFW,16.0167,20.35,23.9333,24.85,23.9333,23.9333,True,America/New_York,America/Chicago
2525,2017-02-09,LGA,DFW,17.8667,22.15,23.9333,24.85,23.9333,23.9333,True,America/New_York,America/Chicago
1140,2017-02-09,LGA,DFW,18.1,22.3667,32.7333,36.3833,35.1833,32.95,False,America/New_York,America/Chicago
2115,2017-02-09,LGA,DCA,5.93333,7.21667,23.9333,23.9333,23.9333,23.9333,True,America/New_York,America/New_York
2123,2017-02-09,LGA,DCA,6.93333,8.4,23.9333,23.9333,23.9333,23.9333,True,America/New_York,America/New_York
2125,2017-02-09,LGA,DCA,9.93333,11.4333,23.9333,23.9333,23.9333,23.9333,True,America/New_York,America/New_York
2143,2017-02-09,LGA,DCA,14.9333,16.3833,23.9333,23.9333,23.9333,23.9333,True,America/New_York,America/New_York
2145,2017-02-09,LGA,DCA,17.9333,19.5833,19.85,21.0333,20.9167,20.1333,False,America/New_York,America/New_York
2153,2017-02-09,LGA,DCA,18.9333,20.5833,20.0333,21.2,21.0833,20.3167,False,America/New_York,America/New_York
2126,2017-02-09,LGA,BOS,5.93333,7.01667,23.9333,23.9333,23.9333,23.9333,True,America/New_York,America/New_York
1432,2017-02-09,LGA,BOS,6.43333,7.65,23.9333,23.9333,23.9333,23.9333,True,America/New_York,America/New_York
2666,2017-02-09,LGA,BOS,6.93333,8.25,23.9333,23.9333,23.9333,23.9333,True,America/New_York,America/New_York
2152,2017-02-09,LGA,BOS,6.93333,8.16667,23.9333,23.9333,23.9333,23.9333,True,America/New_York,America/New_York
2668,2017-02-09,LGA,BOS,8.93333,10.3333,23.9333,23.9333,23.9333,23.9333,True,America/New_York,America/New_York
2121,2017-02-09,LGA,BOS,8.93333,10.3167,23.9333,23.9333,23.9333,23.9333,True,America/New_York,America/New_York
632,2017-02-09,LGA,BOS,8.93333,10.3167,23.9333,23.9333,23.9333,23.9333,True,America/New_York,America/New_York
2136,2017-02-09,LGA,BOS,9.93333,11.3667,23.9333,23.9333,23.9333,23.9333,True,America/New_York,America/New_York
2670,2017-02-09,LGA,BOS,10.9167,12.3167,23.9333,23.9333,23.9333,23.9333,True,America/New_York,America/New_York
732,2017-02-09,LGA,BOS,10.9167,12.2833,23.9333,23.9333,23.9333,23.9333,True,America/New_York,America/New_York
2162,2017-02-09,LGA,BOS,10.9333,12.3167,23.9333,23.9333,23.9333,23.9333,True,America/New_York,America/New_York
2672,2017-02-09,LGA,BOS,12.9333,14.2,23.9333,23.9333,23.9333,23.9333,True,America/New_York,America/New_York
2131,2017-02-09,LGA,BOS,12.9333,14.1667,23.9333,23.9333,23.9333,23.9333,True,America/New_York,America/New_York
2146,2017-02-09,LGA,BOS,13.9333,15.1667,23.9333,23.9333,23.9333,23.9333,True,America/New_York,America/New_York
832,2017-02-09,LGA,BOS,14.3167,15.5333,23.9333,23.9333,23.9333,23.9333,True,America/New_York,America/New_York
2674,2017-02-09,LGA,BOS,14.9167,16.3167,23.9333,23.9333,23.9333,23.9333,True,America/New_York,America/New_York
2172,2017-02-09,LGA,BOS,14.9333,16.1333,23.9333,23.9333,23.9333,23.9333,True,America/New_York,America/New_York
2676,2017-02-09,LGA,BOS,16.9333,18.35,23.9333,23.9333,23.9333,23.9333,True,America/New_York,America/New_York
2141,2017-02-09,LGA,BOS,16.9333,18.35,23.9333,23.9333,23.9333,23.9333,True,America/New_York,America/New_York
1232,2017-02-09,LGA,BOS,17.6,19,23.9333,23.9333,23.9333,23.9333,True,America/New_York,America/New_York
2678,2017-02-09,LGA,BOS,18.9333,20.4333,23.9333,23.9333,23.9333,23.9333,True,America/New_York,America/New_York
2122,2017-02-09,LGA,BOS,18.9333,20.3667,23.9333,23.9333,23.9333,23.9333,True,America/New_York,America/New_York
1332,2017-02-09,LGA,BOS,19.5167,20.8833,23.9333,23.9333,23.9333,23.9333,True,America/New_York,America/New_York
2680,2017-02-09,LGA,BOS,19.9167,21.3833,23.9333,23.9333,23.9333,23.9333,True,America/New_York,America/New_York
2669,2017-02-09,LGA,BOS,20.9333,22.2833,23.9333,23.9333,23.9333,23.9333,True,America/New_York,America/New_York
371,2017-02-09,LGA,FLL,5.93333,9.16667,23.9333,23.9333,23.9333,23.9333,True,America/New_York,America/New_York
705,2017-02-09,LGA,FLL,6.43333,9.41667,23.9333,23.9333,23.9333,23.9333,True,America/New_York,America/New_York
1879,2017-02-09,LGA,FLL,6.93333,10.2833,23.9333,23.9333,23.9333,23.9333,True,America/New_York,America/New_York
925,2017-02-09,LGA,FLL,8.93333,12.5333,23.9333,23.9333,23.9333,23.9333,True,America/New_York,America/New_York
971,2017-02-09,LGA,FLL,9.43333,12.9,23.9333,23.9333,23.9333,23.9333,True,America/New_York,America/New_York
315,2017-02-09,LGA,FLL,11.2667,14.7833,23.9333,23.9333,23.9333,23.9333,True,America/New_York,America/New_York
197,2017-02-09,LGA,FLL,12.4333,15.5333,23.9333,23.9333,23.9333,23.9333,True,America/New_York,America/New_York
1171,2017-02-09,LGA,FLL,14.65,18.0667,23.9333,23.9333,23.9333,23.9333,True,America/New_York,America/New_York
1514,2017-02-09,LGA,FLL,15.0167,18.5,23.9333,23.9333,23.9333,23.9333,True,America/New_York,America/New_York
171,2017-02-09,LGA,FLL,15.4333,18.6833,23.9333,23.9333,23.9333,23.9333,True,America/New_York,America/New_York
2003,2017-02-09,LGA,FLL,17.2667,20.7,23.9333,23.9333,23.9333,23.9333,True,America/New_York,America/New_York
1702,2017-02-09,LGA,FLL,19.4167,22.8833,23.9333,23.9333,23.9333,23.9333,True,America/New_York,America/New_York
1271,2017-02-09,LGA,FLL,19.6167,22.9167,23.9333,23.9333,23.9333,23.9333,True,America/New_York,America/New_York
779,2017-02-09,LGA,FLL,20.4167,23.5,23.9333,23.9333,23.9333,23.9333,True,America/New_York,America/New_York
1371,2017-02-09,LGA,FLL,21.7,24.75,22.0167,25.5167,25.4,23.2167,False,America/New_York,America/New_York
1040,2017-02-09,LGA,MDW,5.93333,8.35,23.9333,24.85,23.9333,23.9333,True,America/New_York,America/Chicago
1050,2017-02-09,LGA,MDW,9.85,12.5167,23.9333,24.85,23.9333,23.9333,True,America/New_York,America/Chicago
1041,2017-02-09,LGA,MDW,11.85,14.35,23.9333,24.85,23.9333,23.9333,True,America/New_York,America/Chicago
1052,2017-02-09,LGA,MDW,16.5167,19.1,23.9333,24.85,23.9333,23.9333,True,America/New_York,America/Chicago
1045,2017-02-09,LGA,MDW,18.6833,21.1833,23.9333,24.85,23.9333,23.9333,True,America/New_York,America/Chicago
1167,2017-02-09,LGA,MDW,20.85,23.35,23.9333,24.85,23.9333,23.9333,True,America/New_York,America/Chicago
761,2017-02-09,LGA,ORD,5.93333,8.45,23.9333,24.85,23.9333,23.9333,True,America/New_York,America/Chicago
304,2017-02-09,LGA,ORD,6.51667,9.2,23.9333,24.85,23.9333,23.9333,True,America/New_York,America/Chicago
628,2017-02-09,LGA,ORD,6.93333,9.46667,23.9333,24.85,23.9333,23.9333,True,America/New_York,America/Chicago
289,2017-02-09,LGA,ORD,7.01667,9.68333,23.9333,24.85,23.9333,23.9333,True,America/New_York,America/Chicago
463,2017-02-09,LGA,ORD,7.93333,10.4667,23.9333,24.85,23.9333,23.9333,True,America/New_York,America/Chicago
1136,2017-02-09,LGA,ORD,7.95,10.7667,23.9333,24.85,23.9333,23.9333,True,America/New_York,America/Chicago
847,2017-02-09,LGA,ORD,8.51667,11.0167,23.9333,24.85,23.9333,23.9333,True,America/New_York,America/Chicago
519,2017-02-09,LGA,ORD,9.01667,11.6167,23.9333,24.85,23.9333,23.9333,True,America/New_York,America/Chicago
1755,2017-02-09,LGA,ORD,10.0167,12.6667,23.9333,24.85,23.9333,23.9333,True,America/New_York,America/Chicago
328,2017-02-09,LGA,ORD,10.35,13.2333,23.9333,24.85,23.9333,23.9333,True,America/New_York,America/Chicago
337,2017-02-09,LGA,ORD,11.9333,14.6833,23.9333,24.85,23.9333,23.9333,True,America/New_York,America/Chicago
1697,2017-02-09,LGA,ORD,12.4333,15.05,23.9333,24.85,23.9333,23.9333,True,America/New_York,America/Chicago
363,2017-02-09,LGA,ORD,12.9333,15.6333,23.9333,24.85,23.9333,23.9333,True,America/New_York,America/Chicago
332,2017-02-09,LGA,ORD,13.9333,16.6167,23.9333,24.85,23.9333,23.9333,True,America/New_York,America/Chicago
2010,2017-02-09,LGA,ORD,14.9167,17.65,23.9333,24.85,23.9333,23.9333,True,America/New_York,America/Chicago
343,2017-02-09,LGA,ORD,15.85,18.6667,23.9333,24.85,23.9333,23.9333,True,America/New_York,America/Chicago
5887,2017-02-09,LGA,ORD,15.9333,18.5667,23.9333,24.85,23.9333,23.9333,True,America/New_York,America/Chicago
345,2017-02-09,LGA,ORD,16.85,19.75,23.9333,24.85,23.9333,23.9333,True,America/New_York,America/Chicago
689,2017-02-09,LGA,ORD,17.0167,19.85,18.3,20.4333,19.45,18.6,False,America/New_York,America/Chicago
355,2017-02-09,LGA,ORD,17.4333,20.2833,23.9333,24.85,23.9333,23.9333,True,America/New_York,America/Chicago
1709,2017-02-09,LGA,ORD,17.9333,20.7667,19.0333,21.0167,20.0667,19.25,False,America/New_York,America/Chicago
359,2017-02-09,LGA,ORD,18.9167,21.7333,21.9,24.1,23.0667,22.1833,False,America/New_York,America/Chicago
1550,2017-02-09,LGA,ORD,18.9333,21.6667,19.1667,21.4,20.3333,19.4,False,America/New_York,America/Chicago
556,2017-02-09,LGA,ORD,19.9333,22.5833,19.9,21.9833,21,20.1667,False,America/New_York,America/Chicago
371,2017-02-09,LGA,ORD,20.9333,23.6333,22.0667,24.3167,23.25,22.35,False,America/New_York,America/Chicago
331,2017-02-09,LGA,ORD,21.9167,24.2833,23.9333,24.85,23.9333,23.9333,True,America/New_York,America/Chicago
1582,2017-02-09,LGA,DAL,6.01667,10.0167,23.9333,24.85,23.9333,23.9333,True,America/New_York,America/Chicago
763,2017-02-09,LGA,DAL,6.93333,10.7667,23.9333,24.85,23.9333,23.9333,True,America/New_York,America/Chicago
1692,2017-02-09,LGA,DAL,10.4333,14.5167,23.9333,24.85,23.9333,23.9333,True,America/New_York,America/Chicago
771,2017-02-09,LGA,DAL,12.0167,15.85,23.9333,24.85,23.9333,23.9333,True,America/New_York,America/Chicago
5429,2017-02-09,LGA,DAL,14.1,18.1,23.9333,24.85,23.9333,23.9333,True,America/New_York,America/Chicago
777,2017-02-09,LGA,DAL,15.4333,19.35,23.9333,24.85,23.9333,23.9333,True,America/New_York,America/Chicago
1556,2017-02-09,LGA,DAL,18.35,22.4333,23.9333,24.85,23.9333,23.9333,True,America/New_York,America/Chicago
769,2017-02-09,LGA,DAL,18.4333,22.2667,23.9333,24.85,23.9333,23.9333,True,America/New_York,America/Chicago
1905,2017-02-09,LGA,CLT,6.18333,8.4,23.9333,23.9333,23.9333,23.9333,True,America/New_York,America/New_York
5175,2017-02-09,LGA,CLT,7.68333,10.0833,23.9333,23.9333,23.9333,23.9333,True,America/New_York,America/New_York
1672,2017-02-09,LGA,CLT,7.78333,10.2,23.9333,23.9333,23.9333,23.9333,True,America/New_York,America/New_York
1988,2017-02-09,LGA,CLT,8.51667,10.8667,23.9333,23.9333,23.9333,23.9333,True,America/New_York,America/New_York
1849,2017-02-09,LGA,CLT,10.0667,12.4833,23.9333,23.9333,23.9333,23.9333,True,America/New_York,America/New_York
581,2017-02-09,LGA,CLT,11.4333,13.6833,23.9333,23.9333,23.9333,23.9333,True,America/New_York,America/New_York
1933,2017-02-09,LGA,CLT,12.85,15.0333,23.9333,23.9333,23.9333,23.9333,True,America/New_York,America/New_York
5547,2017-02-09,LGA,CLT,12.9333,15.2167,23.9333,23.9333,23.9333,23.9333,True,America/New_York,America/New_York
1871,2017-02-09,LGA,CLT,14.6833,16.8333,23.9333,23.9333,23.9333,23.9333,True,America/New_York,America/New_York
1809,2017-02-09,LGA,CLT,15.75,18.0167,23.9333,23.9333,23.9333,23.9333,True,America/New_York,America/New_York
5420,2017-02-09,LGA,CLT,16.9333,19.3333,23.9333,23.9333,23.9333,23.9333,True,America/New_York,America/New_York
1921,2017-02-09,LGA,CLT,17.1,19.45,22.1667,24,23.9167,22.5167,False,America/New_York,America/New_York
1796,2017-02-09,LGA,CLT,18.85,21.2333,22.0667,23.7833,23.6667,22.2667,False,America/New_York,America/New_York
1561,2017-02-09,LGA,DEN,6.23333,10.7833,23.9333,26,23.9333,23.9333,True,America/New_York,America/Denver
561,2017-02-09,LGA,DEN,7.68333,12.4,17.6333,21.7833,19.6167,17.9333,False,America/New_York,America/Denver
1294,2017-02-09,LGA,DEN,8.1,13.0167,23.9333,26,23.9333,23.9333,True,America/New_York,America/Denver
1602,2017-02-09,LGA,DEN,8.51667,13,23.9333,26,23.9333,23.9333,True,America/New_York,America/Denver
744,2017-02-09,LGA,DEN,8.85,13.6667,23.9333,26,23.9333,23.9333,True,America/New_York,America/Denver
405,2017-02-09,LGA,DEN,11.9333,16.65,23.9333,26,23.9333,23.9333,True,America/New_York,America/Denver
745,2017-02-09,LGA,DEN,14.9333,19.6333,23.9333,26,23.9333,23.9333,True,America/New_York,America/Denver
4442,2017-02-09,LGA,DEN,17.4333,22.0833,23.9333,26,23.9333,23.9333,True,America/New_York,America/Denver
509,2017-02-09,LGA,DEN,18.2667,22.9833,20.8833,25.1667,23.0167,21.25,False,America/New_York,America/Denver
1694,2017-02-09,LGA,DEN,18.35,23.2167,23.9333,26,23.9333,23.9333,True,America/New_York,America/Denver
2049,2017-02-09,LGA,PHL,6.43333,7.55,23.9333,23.9333,23.9333,23.9333,True,America/New_York,America/New_York
1902,2017-02-09,LGA,PHL,17.7833,19.1667,23.9333,23.9333,23.9333,23.9333,True,America/New_York,America/New_York
1570,2017-02-09,LGA,HOU,6.43333,10.6,23.9333,24.85,23.9333,23.9333,True,America/New_York,America/Chicago
4083,2017-02-09,LGA,HOU,16.9333,21.1833,23.9333,24.85,23.9333,23.9333,True,America/New_York,America/Chicago
5138,2017-02-09,LGA,CLE,6.68333,8.56667,23.9333,23.9333,23.9333,23.9333,True,America/New_York,America/New_York
4120,2017-02-09,LGA,CLE,8.43333,10.4,23.9333,23.9333,23.9333,23.9333,True,America/New_York,America/New_York
5265,2017-02-09,LGA,CLE,9.21667,11.3167,23.9333,23.9333,23.9333,23.9333,True,America/New_York,America/New_York
3985,2017-02-09,LGA,CLE,10.9333,12.9,23.9333,23.9333,23.9333,23.9333,True,America/New_York,America/New_York
5160,2017-02-09,LGA,CLE,11.2667,13.3,23.9333,23.9333,23.9333,23.9333,True,America/New_York,America/New_York
4302,2017-02-09,LGA,CLE,13.1,14.95,23.9333,23.9333,23.9333,23.9333,True,America/New_York,America/New_York
5301,2017-02-09,LGA,CLE,14.4167,16.35,23.9333,23.9333,23.9333,23.9333,True,America/New_York,America/New_York
4433,2017-02-09,LGA,CLE,15.7667,17.7,23.9333,23.9333,23.9333,23.9333,True,America/New_York,America/New_York
5510,2017-02-09,LGA,CLE,17.7667,19.7833,23.9333,23.9333,23.9333,23.9333,True,America/New_York,America/New_York
4247,2017-02-09,LGA,CLE,20.5167,22.35,23.9333,23.9333,23.9333,23.9333,True,America/New_York,America/New_York
1099,2017-02-09,LGA,MCO,6.93333,9.9,23.9333,23.9333,23.9333,23.9333,True,America/New_York,America/New_York
1071,2017-02-09,LGA,MCO,7.1,10.1,23.9333,23.9333,23.9333,23.9333,True,America/New_York,America/New_York
129,2017-02-09,LGA,MCO,7.51667,10.5167,23.9333,23.9333,23.9333,23.9333,True,America/New_York,America/New_York
354,2017-02-09,LGA,MCO,9.1,12.4667,23.9333,23.9333,23.9333,23.9333,True,America/New_York,America/New_York
199,2017-02-09,LGA,MCO,9.43333,12.6833,23.9333,23.9333,23.9333,23.9333,True,America/New_York,America/New_York
1803,2017-02-09,LGA,MCO,11.6,14.85,23.9333,23.9333,23.9333,23.9333,True,America/New_York,America/New_York
960,2017-02-09,LGA,MCO,14.5333,17.6,23.9333,23.9333,23.9333,23.9333,True,America/New_York,America/New_York
299,2017-02-09,LGA,MCO,15.9333,19.1833,23.9333,23.9333,23.9333,23.9333,True,America/New_York,America/New_York
2187,2017-02-09,LGA,MCO,16.85,20.2167,23.9333,23.9333,23.9333,23.9333,True,America/New_York,America/New_York
1485,2017-02-09,LGA,MCO,19.85,23.0833,23.9333,23.9333,23.9333,23.9333,True,America/New_York,America/New_York
499,2017-02-09,LGA,MCO,20.9333,23.7667,20.9,24.3,24.2333,22.2167,False,America/New_York,America/New_York
1046,2017-02-09,LGA,STL,7.35,10.1,23.9333,24.85,23.9333,23.9333,True,America/New_York,America/Chicago
5134,2017-02-09,LGA,STL,8.1,11.1167,23.9333,24.85,23.9333,23.9333,True,America/New_York,America/Chicago
4486,2017-02-09,LGA,STL,12.85,15.6,23.9333,24.85,23.9333,23.9333,True,America/New_York,America/Chicago
5276,2017-02-09,LGA,STL,13.4167,16.3333,23.9333,24.85,23.9333,23.9333,True,America/New_York,America/Chicago
4391,2017-02-09,LGA,STL,17.85,20.7667,23.9333,24.85,23.9333,23.9333,True,America/New_York,America/Chicago
5349,2017-02-09,LGA,STL,18.6833,21.7833,23.9333,24.85,23.9333,23.9333,True,America/New_York,America/Chicago
461,2017-02-09,LGA,PBI,7.43333,10.6167,23.9333,23.9333,23.9333,23.9333,True,America/New_York,America/New_York
1174,2017-02-09,LGA,PBI,7.91667,11.1667,23.9333,23.9333,23.9333,23.9333,True,America/New_York,America/New_York
1187,2017-02-09,LGA,PBI,10.35,13.8,23.9333,23.9333,23.9333,23.9333,True,America/New_York,America/New_York
391,2017-02-09,LGA,PBI,12.7667,16.1167,23.9333,23.9333,23.9333,23.9333,True,America/New_York,America/New_York
1161,2017-02-09,LGA,PBI,13.4167,16.6333,23.9333,23.9333,23.9333,23.9333,True,America/New_York,America/New_York
310,2017-02-09,LGA,PBI,14.8333,18.15,18.35,21.85,21.8,19.5667,False,America/New_York,America/New_York
761,2017-02-09,LGA,PBI,16.3167,19.6,23.9333,23.9333,23.9333,23.9333,True,America/New_York,America/New_York
2370,2017-02-09,LGA,PBI,18.35,21.7833,23.9333,23.9333,23.9333,23.9333,True,America/New_York,America/New_York
1535,2017-02-09,LGA,BNA,7.93333,10.4333,23.9333,24.85,23.9333,23.9333,True,America/New_York,America/Chicago
3878,2017-02-09,LGA,BNA,11.4333,14.1,23.9333,24.85,23.9333,23.9333,True,America/New_York,America/Chicago
556,2017-02-09,LGA,BNA,15.4333,18.0167,23.9333,24.85,23.9333,23.9333,True,America/New_York,America/Chicago
5443,2017-02-09,LGA,GSO,8.01667,10.0833,23.9333,23.9333,23.9333,23.9333,True,America/New_York,America/New_York
5447,2017-02-09,LGA,GSO,14.9333,16.9333,23.9333,23.9333,23.9333,23.9333,True,America/New_York,America/New_York
5232,2017-02-09,LGA,GSO,18.35,20.45,23.9333,23.9333,23.9333,23.9333,True,America/New_York,America/New_York
5609,2017-02-09,LGA,MCI,8.1,11.6833,23.9333,24.85,23.9333,23.9333,True,America/New_York,America/Chicago
5570,2017-02-09,LGA,MCI,10.9333,14.55,23.9333,24.85,23.9333,23.9333,True,America/New_York,America/Chicago
326,2017-02-09,LGA,MCI,16.6833,20.1,23.9333,24.85,23.9333,23.9333,True,America/New_York,America/Chicago
5274,2017-02-09,LGA,RIC,8.33333,10.1,23.9333,23.9333,23.9333,23.9333,True,America/New_York,America/New_York
5109,2017-02-09,LGA,RIC,10.1,11.9833,23.9333,23.9333,23.9333,23.9333,True,America/New_York,America/New_York
5539,2017-02-09,LGA,RIC,12.7,14.2667,23.9333,23.9333,23.9333,23.9333,True,America/New_York,America/New_York
5386,2017-02-09,LGA,RIC,15.4167,17.2,23.9333,23.9333,23.9333,23.9333,True,America/New_York,America/New_York
5294,2017-02-09,LGA,RIC,19.35,21.1333,23.9333,23.9333,23.9333,23.9333,True,America/New_York,America/New_York
2627,2017-02-09,LGA,TPA,8.48333,11.7667,23.9333,23.9333,23.9333,23.9333,True,America/New_York,America/New_York
1875,2017-02-09,LGA,TPA,11.4333,14.8333,23.9333,23.9333,23.9333,23.9333,True,America/New_York,America/New_York
2498,2017-02-09,LGA,TPA,15.7833,19.2667,23.9333,23.9333,23.9333,23.9333,True,America/New_York,America/New_York
1713,2017-02-09,LGA,TPA,19.35,22.7333,23.9333,23.9333,23.9333,23.9333,True,America/New_York,America/New_York
1669,2017-02-09,LGA,RDU,8.68333,10.5833,23.9333,23.9333,23.9333,23.9333,True,America/New_York,America/New_York
1914,2017-02-09,LGA,RDU,12.35,14.1333,23.9333,23.9333,23.9333,23.9333,True,America/New_York,America/New_York
5515,2017-02-09,LGA,RDU,16.4333,18.55,23.9333,23.9333,23.9333,23.9333,True,America/New_York,America/New_York
5475,2017-02-09,LGA,RDU,20.4333,22.4333,23.9333,23.9333,23.9333,23.9333,True,America/New_York,America/New_York
5378,2017-02-09,LGA,IND,8.71667,12.1167,23.9333,24.75,23.9333,23.9333,True,America/New_York,America/Indiana/Indianapolis
4227,2017-02-09,LGA,IND,11.1,14.25,23.9333,24.75,23.9333,23.9333,True,America/New_York,America/Indiana/Indianapolis
4260,2017-02-09,LGA,IND,19.4333,22.6667,23.9333,24.75,23.9333,23.9333,True,America/New_York,America/Indiana/Indianapolis
5476,2017-02-09,LGA,CMH,8.75,10.9667,23.9333,23.9333,23.9333,23.9333,True,America/New_York,America/New_York
5440,2017-02-09,LGA,CMH,15.9333,18.0167,23.9333,23.9333,23.9333,23.9333,True,America/New_York,America/New_York
4504,2017-02-09,LGA,MKE,8.76667,11.2667,23.9333,24.85,23.9333,23.9333,True,America/New_York,America/Chicago
1899,2017-02-09,LGA,MKE,15.2667,17.6,23.9333,24.85,23.9333,23.9333,True,America/New_York,America/Chicago
1296,2017-02-09,LGA,MKE,19.9333,22.4333,23.9333,24.85,23.9333,23.9333,True,America/New_York,America/Chicago
5184,2017-02-09,LGA,GRR,9.43333,12.55,23.9333,24.5333,23.9333,23.9333,True,America/New_York,America/Detroit
5330,2017-02-09,LGA,GRR,20.0167,23.0167,23.9333,24.5333,23.9333,23.9333,True,America/New_York,America/Detroit
5591,2017-02-09,LGA,SAV,9.51667,12.2333,23.9333,23.9333,23.9333,23.9333,True,America/New_York,America/New_York
5304,2017-02-09,LGA,MEM,10.4333,13.8167,23.9333,24.85,23.9333,23.9333,True,America/New_York,America/Chicago
5558,2017-02-09,LGA,MEM,18.85,22.2,23.9333,24.85,23.9333,23.9333,True,America/New_York,America/Chicago
921,2017-02-09,LGA,MYR,11.0167,12.9667,23.9333,23.9333,23.9333,23.9333,True,America/New_York,America/New_York
347,2017-02-09,LGA,MYR,18.6667,20.6333,23.9333,23.9333,23.9333,23.9333,True,America/New_York,America/New_York
5188,2017-02-09,LGA,PIT,13.4167,15.1167,23.9333,23.9333,23.9333,23.9333,True,America/New_York,America/New_York
5446,2017-02-09,LGA,PIT,16.85,18.6167,23.9333,23.9333,23.9333,23.9333,True,America/New_York,America/New_York
5208,2017-02-09,LGA,PIT,20.7667,22.5167,23.9333,23.9333,23.9333,23.9333,True,America/New_York,America/New_York
2420,2017-02-09,LGA,MSY,13.7667,17.4167,23.9333,24.85,23.9333,23.9333,True,America/New_York,America/Chicago
5477,2017-02-09,LGA,XNA,13.9167,17.4667,23.9333,24.85,23.9333,23.9333,True,America/New_York,America/Chicago
5132,2017-02-09,LGA,BHM,14.2667,17.0667,23.9333,24.85,23.9333,23.9333,True,America/New_York,America/Chicago
5117,2017-02-09,LGA,BHM,20.9333,23.8167,23.9333,24.85,23.9333,23.9333,True,America/New_York,America/Chicago
5444,2017-02-09,LGA,CHS,14.9333,17.45,23.9333,23.9333,23.9333,23.9333,True,America/New_York,America/New_York
5557,2017-02-09,LGA,CAE,19.9333,22.4333,23.9333,23.9333,23.9333,23.9333,True,America/New_York,America/New_York
5423,2017-02-09,LGA,OMA,20.6833,24.1667,23.9333,24.85,23.9333,23.9333,True,America/New_York,America/Chicago
5383,2017-02-09,LGA,CHO,21.1,22.6833,23.9333,23.9333,23.9333,23.9333,True,America/New_York,America/New_York
5391,2017-02-09,LGA,LEX,21.4333,23.6833,23.9333,23.9333,23.9333,23.9333,True,America/New_York,America/New_York
224,2017-02-09,ORD,LGA,6.6,8.93333,24.85,47.9333,24.85,24.85,True,America/Chicago,America/New_York
1187,2017-02-09,ORD,LGA,6.85,9.06667,24.85,47.9333,24.85,24.85,True,America/Chicago,America/New_York
392,2017-02-09,ORD,LGA,8.35,10.5333,24.85,47.9333,24.85,24.85,True,America/Chicago,America/New_York
672,2017-02-09,ORD,LGA,8.85,11.0833,24.85,47.9333,24.85,24.85,True,America/Chicago,America/New_York
388,2017-02-09,ORD,LGA,9.26667,11.4,24.85,47.9333,24.85,24.85,True,America/Chicago,America/New_York
363,2017-02-09,ORD,LGA,9.85,12.0333,24.85,47.9333,24.85,24.85,True,America/Chicago,America/New_York
380,2017-02-09,ORD,LGA,10.95,13.1,24.85,47.9333,24.85,24.85,True,America/Chicago,America/New_York
791,2017-02-09,ORD,LGA,11.8,14,24.85,47.9333,24.85,24.85,True,America/Chicago,America/New_York
186,2017-02-09,ORD,LGA,12.8333,15,24.85,47.9333,24.85,24.85,True,America/Chicago,America/New_York
5364,2017-02-09,ORD,LGA,12.85,15.1667,24.85,47.9333,24.85,24.85,True,America/Chicago,America/New_York
374,2017-02-09,ORD,LGA,13.8167,16.0167,24.85,47.9333,24.85,24.85,True,America/Chicago,America/New_York
682,2017-02-09,ORD,LGA,13.85,16.15,24.85,47.9333,24.85,24.85,True,America/Chicago,America/New_York
368,2017-02-09,ORD,LGA,14.2667,16.4167,24.85,47.9333,24.85,24.85,True,America/Chicago,America/New_York
509,2017-02-09,ORD,LGA,14.85,17.2333,14.8,18.0667,18.6167,15.0833,False,America/Chicago,America/New_York
364,2017-02-09,ORD,LGA,15.85,17.9833,18.6333,20.65,21.45,18.8,False,America/Chicago,America/New_York
211,2017-02-09,ORD,LGA,15.85,18.1667,15.8,18.2167,18.8,16.1167,False,America/Chicago,America/New_York
533,2017-02-09,ORD,LGA,16.85,19.2333,16.8,19.0333,19.8,17.1167,False,America/Chicago,America/New_York
365,2017-02-09,ORD,LGA,17.5167,19.7,19.05,21.1667,21.95,19.2833,False,America/Chicago,America/New_York
263,2017-02-09,ORD,LGA,17.85,20.2167,17.8833,19.8833,20.7333,18.0833,False,America/Chicago,America/New_York
352,2017-02-09,ORD,LGA,18.7667,20.95,24.85,47.9333,24.85,24.85,True,America/Chicago,America/New_York
630,2017-02-09,ORD,LGA,18.8333,21.1333,24.85,47.9333,24.85,24.85,True,America/Chicago,America/New_York
692,2017-02-09,ORD,LGA,18.9333,21.2,21.55,23.5833,24.4,21.7833,False,America/Chicago,America/New_York
336,2017-02-09,ORD,LGA,19.7667,22,19.75,22.1,22.6,19.95,False,America/Chicago,America/New_York
1023,2017-02-09,ORD,LGA,19.9333,22.1833,19.8333,21.9667,22.8,20.1667,False,America/Chicago,America/New_York
288,2017-02-09,ORD,LGA,21.0167,23.2,24.85,47.9333,24.85,24.85,True,America/Chicago,America/New_York
698,2017-02-09,ORD,LGA,21.6833,23.9167,22.75,24.65,25.4333,22.8833,False,America/Chicago,America/New_York
5125,2017-02-09,PIT,LGA,5.76667,7.43333,23.9333,23.9333,23.9333,23.9333,True,America/New_York,America/New_York
5302,2017-02-09,PIT,LGA,15.7667,17.4167,23.9333,23.9333,23.9333,23.9333,True,America/New_York,America/New_York
5350,2017-02-09,PIT,LGA,19.2,20.7667,23.9333,23.9333,23.9333,23.9333,True,America/New_York,America/New_York
889,2017-02-09,IND,LGA,6.58333,7.85,24.75,47.9333,24.75,24.75,True,America/Indiana/Indianapolis,America/New_York
5230,2017-02-09,IND,LGA,12.7,13.9167,24.75,47.9333,24.75,24.75,True,America/Indiana/Indianapolis,America/New_York
1428,2017-02-09,IND,LGA,16.1667,17.2667,24.75,47.9333,24.75,24.75,True,America/Indiana/Indianapolis,America/New_York
1602,2017-02-09,ATL,LGA,5.85,7.93333,23.9333,23.9333,23.9333,23.9333,True,America/New_York,America/New_York
1462,2017-02-09,ATL,LGA,6.21667,8.55,23.9333,23.9333,23.9333,23.9333,True,America/New_York,America/New_York
1930,2017-02-09,ATL,LGA,6.68333,8.93333,23.9333,23.9333,23.9333,23.9333,True,America/New_York,America/New_York
1683,2017-02-09,ATL,LGA,6.76667,9.01667,23.9333,23.9333,23.9333,23.9333,True,America/New_York,America/New_York
1932,2017-02-09,ATL,LGA,7.68333,9.91667,23.9333,23.9333,23.9333,23.9333,True,America/New_York,America/New_York
446,2017-02-09,ATL,LGA,8.51667,10.7667,23.9333,23.9333,23.9333,23.9333,True,America/New_York,America/New_York
1934,2017-02-09,ATL,LGA,8.68333,10.9667,23.9333,23.9333,23.9333,23.9333,True,America/New_York,America/New_York
1936,2017-02-09,ATL,LGA,9.68333,11.9333,23.9333,23.9333,23.9333,23.9333,True,America/New_York,America/New_York
1940,2017-02-09,ATL,LGA,10.6833,12.9167,23.9333,23.9333,23.9333,23.9333,True,America/New_York,America/New_York
1942,2017-02-09,ATL,LGA,11.6833,13.8833,23.9333,23.9333,23.9333,23.9333,True,America/New_York,America/New_York
1944,2017-02-09,ATL,LGA,12.6833,15,23.9333,23.9333,23.9333,23.9333,True,America/New_York,America/New_York
1144,2017-02-09,ATL,LGA,12.7667,14.85,23.9333,23.9333,23.9333,23.9333,True,America/New_York,America/New_York
1946,2017-02-09,ATL,LGA,13.6833,15.9333,23.9333,23.9333,23.9333,23.9333,True,America/New_York,America/New_York
1948,2017-02-09,ATL,LGA,14.6833,16.9333,23.9333,23.9333,23.9333,23.9333,True,America/New_York,America/New_York
802,2017-02-09,ATL,LGA,15.6833,18.0167,23.9333,23.9333,23.9333,23.9333,True,America/New_York,America/New_York
1950,2017-02-09,ATL,LGA,16.6833,19.1,18.1833,20.8167,20.6667,18.8167,False,America/New_York,America/New_York
1678,2017-02-09,ATL,LGA,16.8833,19.1667,17.3167,19.3833,19.3167,17.5167,False,America/New_York,America/New_York
302,2017-02-09,ATL,LGA,17.5167,19.6,23.9333,23.9333,23.9333,23.9333,True,America/New_York,America/New_York
1952,2017-02-09,ATL,LGA,17.6833,20.1,18.8333,21.1,20.9833,19.1667,False,America/New_York,America/New_York
1954,2017-02-09,ATL,LGA,18.6833,21.0833,23.9333,23.9333,23.9333,23.9333,True,America/New_York,America/New_York
1956,2017-02-09,ATL,LGA,19.6833,22.1333,23.9333,23.9333,23.9333,23.9333,True,America/New_York,America/New_York
1833,2017-02-09,ATL,LGA,20.4,22.6667,20.4167,22.5667,22.45,20.6,False,America/New_York,America/New_York
906,2017-02-09,ATL,LGA,20.6833,23,20.75,22.9667,22.85,20.9667,False,America/New_York,America/New_York
1437,2017-02-09,ATL,LGA,20.85,23.1,20.7833,23.2167,22.8,20.9833,False,America/New_York,America/New_York
1958,2017-02-09,ATL,LGA,21.6,23.85,23.9333,23.9333,23.9333,23.9333,True,America/New_York,America/New_York
198,2017-02-09,MCO,LGA,5.9,8.41667,23.9333,23.9333,23.9333,23.9333,True,America/New_York,America/New_York
2276,2017-02-09,MCO,LGA,6.85,9.56667,23.9333,23.9333,23.9333,23.9333,True,America/New_York,America/New_York
1526,2017-02-09,MCO,LGA,8.26667,11.0333,23.9333,23.9333,23.9333,23.9333,True,America/New_York,America/New_York
2425,2017-02-09,MCO,LGA,11.0167,13.6167,23.9333,23.9333,23.9333,23.9333,True,America/New_York,America/New_York
398,2017-02-09,MCO,LGA,12.3333,14.9167,23.9333,23.9333,23.9333,23.9333,True,America/New_York,America/New_York
2453,2017-02-09,MCO,LGA,13.1833,15.9167,23.9333,23.9333,23.9333,23.9333,True,America/New_York,America/New_York
2364,2017-02-09,MCO,LGA,15.5167,18.1667,23.9333,23.9333,23.9333,23.9333,True,America/New_York,America/New_York
1198,2017-02-09,MCO,LGA,17.5833,20.25,23.9333,23.9333,23.9333,23.9333,True,America/New_York,America/New_York
2369,2017-02-09,MCO,LGA,18.5167,21.2667,23.9333,23.9333,23.9333,23.9333,True,America/New_York,America/New_York
2285,2017-02-09,MCO,LGA,18.7,21.3833,23.9333,23.9333,23.9333,23.9333,True,America/New_York,America/New_York
698,2017-02-09,MCO,LGA,19.4333,22.05,19.8833,22.5333,22.3333,20.0667,False,America/New_York,America/New_York
2060,2017-02-09,CLT,LGA,5.93333,7.76667,23.9333,23.9333,23.9333,23.9333,True,America/New_York,America/New_York
2062,2017-02-09,CLT,LGA,7.91667,9.88333,23.9333,23.9333,23.9333,23.9333,True,America/New_York,America/New_York
1910,2017-02-09,CLT,LGA,9.95,11.95,23.9333,23.9333,23.9333,23.9333,True,America/New_York,America/New_York
5364,2017-02-09,CLT,LGA,10.6833,12.6833,23.9333,23.9333,23.9333,23.9333,True,America/New_York,America/New_York
2064,2017-02-09,CLT,LGA,11.6,13.5333,23.9333,23.9333,23.9333,23.9333,True,America/New_York,America/New_York
2066,2017-02-09,CLT,LGA,13.0833,14.9167,23.9333,23.9333,23.9333,23.9333,True,America/New_York,America/New_York
2068,2017-02-09,CLT,LGA,14.35,16.1667,18.5167,21.2,21.1,19.4833,False,America/New_York,America/New_York
5393,2017-02-09,CLT,LGA,15.9333,17.8833,23.9333,23.9333,23.9333,23.9333,True,America/New_York,America/New_York
2050,2017-02-09,CLT,LGA,16.05,17.9333,18.4667,21.0333,20.3333,18.9667,False,America/New_York,America/New_York
1740,2017-02-09,CLT,LGA,18.5,20.4167,18.5333,21.15,21.0667,19.45,False,America/New_York,America/New_York
5381,2017-02-09,CLT,LGA,19.9333,21.9167,23.9333,23.9333,23.9333,23.9333,True,America/New_York,America/New_York
1954,2017-02-09,CLT,LGA,20.2667,22.1833,20.2667,22.25,22.0167,20.55,False,America/New_York,America/New_York
1981,2017-02-09,CLT,LGA,21.95,23.7167,22.3,24.0833,23.9833,22.55,False,America/New_York,America/New_York
5114,2017-02-09,GSO,LGA,5.93333,7.66667,23.9333,23.9333,23.9333,23.9333,True,America/New_York,America/New_York
5483,2017-02-09,GSO,LGA,10.85,12.55,23.9333,23.9333,23.9333,23.9333,True,America/New_York,America/New_York
5296,2017-02-09,GSO,LGA,17.5167,19.2167,23.9333,23.9333,23.9333,23.9333,True,America/New_York,America/New_York
5133,2017-02-09,GRR,LGA,6.53333,8.08333,24.5333,47.9333,24.5333,24.5333,True,America/Detroit,America/New_York
5215,2017-02-09,GRR,LGA,13.2,14.7167,24.5333,47.9333,24.5333,24.5333,True,America/Detroit,America/New_York
5244,2017-02-09,CHO,LGA,5.93333,7.3,23.9333,23.9333,23.9333,23.9333,True,America/New_York,America/New_York
5259,2017-02-09,RIC,LGA,5.93333,7.43333,23.9333,23.9333,23.9333,23.9333,True,America/New_York,America/New_York
5170,2017-02-09,RIC,LGA,10.6833,12.0333,23.9333,23.9333,23.9333,23.9333,True,America/New_York,America/New_York
5209,2017-02-09,RIC,LGA,12.3333,13.7167,23.9333,23.9333,23.9333,23.9333,True,America/New_York,America/New_York
5293,2017-02-09,RIC,LGA,14.85,16.2,23.9333,23.9333,23.9333,23.9333,True,America/New_York,America/New_York
5312,2017-02-09,RIC,LGA,17.8,19.35,23.9333,23.9333,23.9333,23.9333,True,America/New_York,America/New_York
5587,2017-02-09,LEX,LGA,5.93333,8.05,23.9333,23.9333,23.9333,23.9333,True,America/New_York,America/New_York
272,2017-02-09,FLL,LGA,5.93333,8.75,23.9333,23.9333,23.9333,23.9333,True,America/New_York,America/New_York
1428,2017-02-09,FLL,LGA,6.93333,9.96667,23.9333,23.9333,23.9333,23.9333,True,America/New_York,America/New_York
604,2017-02-09,FLL,LGA,7.2,10.1833,23.9333,23.9333,23.9333,23.9333,True,America/New_York,America/New_York
1498,2017-02-09,FLL,LGA,9.01667,12.1,23.9333,23.9333,23.9333,23.9333,True,America/New_York,America/New_York
1787,2017-02-09,FLL,LGA,10.95,14.0833,23.9333,23.9333,23.9333,23.9333,True,America/New_York,America/New_York
1572,2017-02-09,FLL,LGA,11,13.9667,23.9333,23.9333,23.9333,23.9333,True,America/New_York,America/New_York
180,2017-02-09,FLL,LGA,11.5167,14.4,23.9333,23.9333,23.9333,23.9333,True,America/New_York,America/New_York
1841,2017-02-09,FLL,LGA,13.35,16.4833,23.9333,23.9333,23.9333,23.9333,True,America/New_York,America/New_York
1131,2017-02-09,FLL,LGA,15.5167,18.65,23.9333,23.9333,23.9333,23.9333,True,America/New_York,America/New_York
1272,2017-02-09,FLL,LGA,15.9833,18.9167,23.9333,23.9333,23.9333,23.9333,True,America/New_York,America/New_York
174,2017-02-09,FLL,LGA,16.4333,19.4167,23.9333,23.9333,23.9333,23.9333,True,America/New_York,America/New_York
672,2017-02-09,FLL,LGA,18.0333,20.9167,23.9333,23.9333,23.9333,23.9333,True,America/New_York,America/New_York
913,2017-02-09,FLL,LGA,19.1833,22.2333,23.9333,23.9333,23.9333,23.9333,True,America/New_York,America/New_York
710,2017-02-09,FLL,LGA,20.0333,22.9167,20.0333,23.1333,22.95,20.3333,False,America/New_York,America/New_York
1472,2017-02-09,FLL,LGA,20.5667,23.3833,21.3833,24.4167,24.3333,21.6667,False,America/New_York,America/New_York
1049,2017-02-09,MDW,LGA,6.85,9.1,24.85,47.9333,24.85,24.85,True,America/Chicago,America/New_York
1945,2017-02-09,MDW,LGA,9.18333,11.2667,24.85,47.9333,24.85,24.85,True,America/Chicago,America/New_York
1051,2017-02-09,MDW,LGA,13.85,15.9333,24.85,47.9333,24.85,24.85,True,America/Chicago,America/New_York
2822,2017-02-09,MDW,LGA,16.1,18.1833,24.85,47.9333,24.85,24.85,True,America/Chicago,America/New_York
1195,2017-02-09,MDW,LGA,18.1,20.2667,24.85,47.9333,24.85,24.85,True,America/Chicago,America/New_York
1453,2017-02-09,MDW,LGA,21.2667,23.35,21.3167,23.3333,24.15,21.5167,False,America/Chicago,America/New_York
5195,2017-02-09,BHM,LGA,6.86667,9.43333,24.85,47.9333,24.85,24.85,True,America/Chicago,America/New_York
5180,2017-02-09,BHM,LGA,17.6833,20.1833,24.85,47.9333,24.85,24.85,True,America/Chicago,America/New_York
1084,2017-02-09,MIA,LGA,6,8.93333,23.9333,23.9333,23.9333,23.9333,True,America/New_York,America/New_York
1011,2017-02-09,MIA,LGA,6.93333,9.88333,23.9333,23.9333,23.9333,23.9333,True,America/New_York,America/New_York
2151,2017-02-09,MIA,LGA,7.43333,10.6167,23.9333,23.9333,23.9333,23.9333,True,America/New_York,America/New_York
2520,2017-02-09,MIA,LGA,9.35,12.3333,23.9333,23.9333,23.9333,23.9333,True,America/New_York,America/New_York
2318,2017-02-09,MIA,LGA,11.1333,14.25,23.9333,23.9333,23.9333,23.9333,True,America/New_York,America/New_York
1064,2017-02-09,MIA,LGA,11.3333,14.3,23.9333,23.9333,23.9333,23.9333,True,America/New_York,America/New_York
2244,2017-02-09,MIA,LGA,13.85,16.9167,23.9333,23.9333,23.9333,23.9333,True,America/New_York,America/New_York
310,2017-02-09,MIA,LGA,14.1,17.0333,18.1167,21.6333,21.3333,18.6667,False,America/New_York,America/New_York
1596,2017-02-09,MIA,LGA,14.6833,17.6333,23.9333,23.9333,23.9333,23.9333,True,America/New_York,America/New_York
2250,2017-02-09,MIA,LGA,15.5167,18.6333,23.9333,23.9333,23.9333,23.9333,True,America/New_York,America/New_York
88,2017-02-09,MIA,LGA,16.15,19.0833,18.05,21,20.9333,18.3667,False,America/New_York,America/New_York
2240,2017-02-09,MIA,LGA,17.05,20.0167,18.1833,21.6833,21.4333,18.5667,False,America/New_York,America/New_York
2251,2017-02-09,MIA,LGA,17.35,20.55,23.9333,23.9333,23.9333,23.9333,True,America/New_York,America/New_York
2550,2017-02-09,MIA,LGA,17.5167,20.45,23.9333,23.9333,23.9333,23.9333,True,America/New_York,America/New_York
1203,2017-02-09,MIA,LGA,17.9167,20.8833,23.9333,23.9333,23.9333,23.9333,True,America/New_York,America/New_York
1367,2017-02-09,MIA,LGA,19.5,22.45,19.5167,22.9833,22.6667,20,False,America/New_York,America/New_York
2263,2017-02-09,MIA,LGA,20,23.1333,22.1667,25.05,24.9333,22.3333,False,America/New_York,America/New_York
2325,2017-02-09,MIA,LGA,20.0333,23.0667,23.9333,23.9333,23.9333,23.9333,True,America/New_York,America/New_York
376,2017-02-09,MIA,LGA,20.7,23.6333,23.9333,23.9333,23.9333,23.9333,True,America/New_York,America/New_York
316,2017-02-09,DTW,LGA,6.61667,7.66667,24.5333,47.9333,24.5333,24.5333,True,America/Detroit,America/New_York
825,2017-02-09,DTW,LGA,7.7,9.18333,24.5333,47.9333,24.5333,24.5333,True,America/Detroit,America/New_York
2183,2017-02-09,DTW,LGA,10.5333,11.9167,24.5333,47.9333,24.5333,24.5333,True,America/Detroit,America/New_York
1440,2017-02-09,DTW,LGA,12.5833,13.9167,24.5333,47.9333,24.5333,24.5333,True,America/Detroit,America/New_York
678,2017-02-09,DTW,LGA,14.2833,15.6667,24.5333,47.9333,24.5333,24.5333,True,America/Detroit,America/New_York
582,2017-02-09,DTW,LGA,16.0333,17.3833,24.5333,47.9333,24.5333,24.5333,True,America/Detroit,America/New_York
347,2017-02-09,DTW,LGA,16.7,17.9167,24.5333,47.9333,24.5333,24.5333,True,America/Detroit,America/New_York
690,2017-02-09,DTW,LGA,18.0333,19.4333,24.5333,47.9333,24.5333,24.5333,True,America/Detroit,America/New_York
2272,2017-02-09,DTW,LGA,20.45,21.8667,20.55,21.5,21.9833,20.7333,False,America/Detroit,America/New_York
839,2017-02-09,DTW,LGA,22.45,23.7667,22.4667,23.5667,24.0167,22.7667,False,America/Detroit,America/New_York
5449,2017-02-09,STL,LGA,6.95,9.71667,24.85,47.9333,24.85,24.85,True,America/Chicago,America/New_York
847,2017-02-09,STL,LGA,9.26667,11.6833,24.85,47.9333,24.85,24.85,True,America/Chicago,America/New_York
5385,2017-02-09,STL,LGA,11.7667,14.2667,24.85,47.9333,24.85,24.85,True,America/Chicago,America/New_York
1873,2017-02-09,STL,LGA,13.7667,16.1,24.85,47.9333,24.85,24.85,True,America/Chicago,America/New_York
5555,2017-02-09,STL,LGA,17.1,19.7167,24.85,47.9333,24.85,24.85,True,America/Chicago,America/New_York
3222,2017-02-09,STL,LGA,20.6,23.0167,20.8167,23.2333,24.05,20.9667,False,America/Chicago,America/New_York
5432,2017-02-09,OMA,LGA,7.01667,10.15,24.85,47.9333,24.85,24.85,True,America/Chicago,America/New_York
4225,2017-02-09,CLE,LGA,6.18333,7.91667,23.9333,23.9333,23.9333,23.9333,True,America/New_York,America/New_York
5157,2017-02-09,CLE,LGA,6.85,8.68333,23.9333,23.9333,23.9333,23.9333,True,America/New_York,America/New_York
3792,2017-02-09,CLE,LGA,8.68333,10.4333,23.9333,23.9333,23.9333,23.9333,True,America/New_York,America/New_York
5153,2017-02-09,CLE,LGA,9.15,10.95,23.9333,23.9333,23.9333,23.9333,True,America/New_York,America/New_York
3778,2017-02-09,CLE,LGA,10.9333,12.6,23.9333,23.9333,23.9333,23.9333,True,America/New_York,America/New_York
5242,2017-02-09,CLE,LGA,11.9,13.6,23.9333,23.9333,23.9333,23.9333,True,America/New_York,America/New_York
3770,2017-02-09,CLE,LGA,13.4333,15.1,23.9333,23.9333,23.9333,23.9333,True,America/New_York,America/New_York
5252,2017-02-09,CLE,LGA,13.9333,15.6833,23.9333,23.9333,23.9333,23.9333,True,America/New_York,America/New_York
5308,2017-02-09,CLE,LGA,17.0167,18.6167,23.9333,23.9333,23.9333,23.9333,True,America/New_York,America/New_York
4314,2017-02-09,CLE,LGA,18.2667,19.9167,23.9333,23.9333,23.9333,23.9333,True,America/New_York,America/New_York
1663,2017-02-09,DAL,LGA,7.1,10.4333,24.85,47.9333,24.85,24.85,True,America/Chicago,America/New_York
762,2017-02-09,DAL,LGA,7.85,11.1833,24.85,47.9333,24.85,24.85,True,America/Chicago,America/New_York
574,2017-02-09,DAL,LGA,11.5167,14.7667,24.85,47.9333,24.85,24.85,True,America/Chicago,America/New_York
766,2017-02-09,DAL,LGA,11.5167,14.6833,24.85,47.9333,24.85,24.85,True,America/Chicago,America/New_York
710,2017-02-09,DAL,LGA,14.35,17.6,24.85,47.9333,24.85,24.85,True,America/Chicago,America/New_York
24,2017-02-09,DAL,LGA,14.5167,17.7667,24.85,47.9333,24.85,24.85,True,America/Chicago,America/New_York
768,2017-02-09,DAL,LGA,17.35,20.6,18.7333,22.0833,22.8833,18.9,False,America/Chicago,America/New_York
1380,2017-02-09,DAL,LGA,18.6,21.85,24.85,47.9333,24.85,24.85,True,America/Chicago,America/New_York
2665,2017-02-09,BOS,LGA,6.43333,7.81667,23.9333,23.9333,23.9333,23.9333,True,America/New_York,America/New_York
2165,2017-02-09,BOS,LGA,6.43333,7.9,23.9333,23.9333,23.9333,23.9333,True,America/New_York,America/New_York
631,2017-02-09,BOS,LGA,6.68333,8.06667,23.9333,23.9333,23.9333,23.9333,True,America/New_York,America/New_York
2667,2017-02-09,BOS,LGA,6.93333,8.26667,23.9333,23.9333,23.9333,23.9333,True,America/New_York,America/New_York
2682,2017-02-09,BOS,LGA,7.43333,8.88333,23.9333,23.9333,23.9333,23.9333,True,America/New_York,America/New_York
2126,2017-02-09,BOS,LGA,7.93333,9.41667,23.9333,23.9333,23.9333,23.9333,True,America/New_York,America/New_York
731,2017-02-09,BOS,LGA,8.76667,10.1,23.9333,23.9333,23.9333,23.9333,True,America/New_York,America/New_York
2671,2017-02-09,BOS,LGA,8.93333,10.25,23.9333,23.9333,23.9333,23.9333,True,America/New_York,America/New_York
2152,2017-02-09,BOS,LGA,8.93333,10.4167,23.9333,23.9333,23.9333,23.9333,True,America/New_York,America/New_York
2673,2017-02-09,BOS,LGA,10.9333,12.25,23.9333,23.9333,23.9333,23.9333,True,America/New_York,America/New_York
2121,2017-02-09,BOS,LGA,10.9333,12.3333,23.9333,23.9333,23.9333,23.9333,True,America/New_York,America/New_York
831,2017-02-09,BOS,LGA,11.5833,12.9167,23.9333,23.9333,23.9333,23.9333,True,America/New_York,America/New_York
2136,2017-02-09,BOS,LGA,11.9333,13.3333,23.9333,23.9333,23.9333,23.9333,True,America/New_York,America/New_York
2675,2017-02-09,BOS,LGA,12.9333,14.25,23.9333,23.9333,23.9333,23.9333,True,America/New_York,America/New_York
2162,2017-02-09,BOS,LGA,12.9333,14.35,23.9333,23.9333,23.9333,23.9333,True,America/New_York,America/New_York
2677,2017-02-09,BOS,LGA,14.9333,16.2667,23.9333,23.9333,23.9333,23.9333,True,America/New_York,America/New_York
2131,2017-02-09,BOS,LGA,14.9333,16.3833,23.9333,23.9333,23.9333,23.9333,True,America/New_York,America/New_York
1231,2017-02-09,BOS,LGA,15.35,16.8,23.9333,23.9333,23.9333,23.9333,True,America/New_York,America/New_York
2146,2017-02-09,BOS,LGA,15.9333,17.4167,23.9333,23.9333,23.9333,23.9333,True,America/New_York,America/New_York
2679,2017-02-09,BOS,LGA,16.9333,18.2667,23.9333,23.9333,23.9333,23.9333,True,America/New_York,America/New_York
2172,2017-02-09,BOS,LGA,16.9333,18.4167,23.9333,23.9333,23.9333,23.9333,True,America/New_York,America/New_York
1331,2017-02-09,BOS,LGA,17.2667,18.7167,23.9333,23.9333,23.9333,23.9333,True,America/New_York,America/New_York
2681,2017-02-09,BOS,LGA,18.9333,20.2667,23.9333,23.9333,23.9333,23.9333,True,America/New_York,America/New_York
2141,2017-02-09,BOS,LGA,18.9333,20.4,23.9333,23.9333,23.9333,23.9333,True,America/New_York,America/New_York
1431,2017-02-09,BOS,LGA,19.7667,21.1167,23.9333,23.9333,23.9333,23.9333,True,America/New_York,America/New_York
1499,2017-02-09,DFW,LGA,7.35,10.6833,24.85,47.9333,24.85,24.85,True,America/Chicago,America/New_York
1104,2017-02-09,DFW,LGA,8.18333,11.6,24.85,47.9333,24.85,24.85,True,America/Chicago,America/New_York
718,2017-02-09,DFW,LGA,9.48333,12.9333,24.85,47.9333,24.85,24.85,True,America/Chicago,America/New_York
1080,2017-02-09,DFW,LGA,10.1,13.5167,24.85,47.9333,24.85,24.85,True,America/Chicago,America/New_York
1169,2017-02-09,DFW,LGA,11.6833,15.1,24.85,47.9333,24.85,24.85,True,America/Chicago,America/New_York
1201,2017-02-09,DFW,LGA,12.9333,16.2833,13.3,21.4,22.1167,13.5333,False,America/Chicago,America/New_York
1118,2017-02-09,DFW,LGA,13.7667,17.1667,17.05,20.6,21.1833,17.2667,False,America/Chicago,America/New_York
2182,2017-02-09,DFW,LGA,15.9333,19.3,24.85,47.9333,24.85,24.85,True,America/Chicago,America/New_York
1170,2017-02-09,DFW,LGA,17.4333,20.8667,17.6167,20.95,21.8,17.8833,False,America/Chicago,America/New_York
1164,2017-02-09,DFW,LGA,17.85,21.3,18.2667,22.2,22.7,18.4833,False,America/Chicago,America/New_York
126,2017-02-09,DFW,LGA,19.0167,22.3833,24.85,47.9333,24.85,24.85,True,America/Chicago,America/New_York
5397,2017-02-09,CAE,LGA,6.43333,8.55,23.9333,23.9333,23.9333,23.9333,True,America/New_York,America/New_York
609,2017-02-09,MKE,LGA,7.43333,9.76667,24.85,47.9333,24.85,24.85,True,America/Chicago,America/New_York
1852,2017-02-09,MKE,LGA,12.1833,14.35,24.85,47.9333,24.85,24.85,True,America/Chicago,America/New_York
1295,2017-02-09,MKE,LGA,17.1833,19.35,24.85,47.9333,24.85,24.85,True,America/Chicago,America/New_York
5196,2017-02-09,MEM,LGA,7.51667,10.2333,24.85,47.9333,24.85,24.85,True,America/Chicago,America/New_York
5388,2017-02-09,MEM,LGA,14.4167,17.1,24.85,47.9333,24.85,24.85,True,America/Chicago,America/New_York
1684,2017-02-09,BNA,LGA,7.51667,9.76667,24.85,47.9333,24.85,24.85,True,America/Chicago,America/New_York
117,2017-02-09,BNA,LGA,10.9333,13.1,24.85,47.9333,24.85,24.85,True,America/Chicago,America/New_York
589,2017-02-09,BNA,LGA,16.6833,18.85,24.85,47.9333,24.85,24.85,True,America/Chicago,America/New_York
2144,2017-02-09,DCA,LGA,6.91667,8.21667,23.9333,23.9333,23.9333,23.9333,True,America/New_York,America/New_York
2125,2017-02-09,DCA,LGA,7.93333,9.31667,23.9333,23.9333,23.9333,23.9333,True,America/New_York,America/New_York
2133,2017-02-09,DCA,LGA,8.93333,10.3333,23.9333,23.9333,23.9333,23.9333,True,America/New_York,America/New_York
2135,2017-02-09,DCA,LGA,11.9333,13.2833,23.9333,23.9333,23.9333,23.9333,True,America/New_York,America/New_York
2153,2017-02-09,DCA,LGA,16.9333,18.4167,17.8333,18.9,18.8333,18.0667,False,America/New_York,America/New_York
2117,2017-02-09,DCA,LGA,21.9333,23.1333,21.9,23.1167,23,22.1333,False,America/New_York,America/New_York
1996,2017-02-09,MSP,LGA,7.85,10.85,24.85,47.9333,24.85,24.85,True,America/Chicago,America/New_York
1743,2017-02-09,MSP,LGA,9.85,12.7667,24.85,47.9333,24.85,24.85,True,America/Chicago,America/New_York
1796,2017-02-09,MSP,LGA,10.7667,13.6667,24.85,47.9333,24.85,24.85,True,America/Chicago,America/New_York
120,2017-02-09,MSP,LGA,14.6833,17.5667,24.85,47.9333,24.85,24.85,True,America/Chicago,America/New_York
1264,2017-02-09,MSP,LGA,16.1,19.0667,24.85,47.9333,24.85,24.85,True,America/Chicago,America/New_York
2296,2017-02-09,MSP,LGA,18.5167,21.55,18.5833,21.35,22.1833,18.9833,False,America/Chicago,America/New_York
1596,2017-02-09,MSP,LGA,20.7667,23.8333,21.25,24.15,24.6,21.5167,False,America/Chicago,America/New_York
5461,2017-02-09,RDU,LGA,6.93333,8.66667,23.9333,23.9333,23.9333,23.9333,True,America/New_York,America/New_York
5471,2017-02-09,RDU,LGA,9.93333,11.6833,23.9333,23.9333,23.9333,23.9333,True,America/New_York,America/New_York
1669,2017-02-09,RDU,LGA,11.2667,12.7833,23.9333,23.9333,23.9333,23.9333,True,America/New_York,America/New_York
1914,2017-02-09,RDU,LGA,14.85,16.4167,23.9333,23.9333,23.9333,23.9333,True,America/New_York,America/New_York
1805,2017-02-09,IAH,LGA,8.01667,11.4667,24.85,47.9333,24.85,24.85,True,America/Chicago,America/New_York
1705,2017-02-09,IAH,LGA,9.18333,12.65,24.85,47.9333,24.85,24.85,True,America/Chicago,America/New_York
689,2017-02-09,IAH,LGA,11.35,14.7833,24.85,47.9333,24.85,24.85,True,America/Chicago,America/New_York
1254,2017-02-09,IAH,LGA,13.7667,17.2833,13.8833,18.25,18.7333,14.1667,False,America/Chicago,America/New_York
1958,2017-02-09,IAH,LGA,16.5167,20.0667,16.8833,22.6667,23.5167,17.0667,False,America/Chicago,America/New_York
1284,2017-02-09,IAH,LGA,17.2667,20.8,17.2333,20.6833,21.5167,17.45,False,America/Chicago,America/New_York
1439,2017-02-09,IAH,LGA,18.7667,22.2333,18.7667,22.1833,23.0333,18.9333,False,America/Chicago,America/New_York
1501,2017-02-09,IAH,LGA,20.0167,23.45,19.9833,23.3667,24.2167,20.1333,False,America/Chicago,America/New_York
2358,2017-02-09,PBI,LGA,7.43333,10.3333,23.9333,23.9333,23.9333,23.9333,True,America/New_York,America/New_York
62,2017-02-09,PBI,LGA,10.1,12.7333,23.9333,23.9333,23.9333,23.9333,True,America/New_York,America/New_York
1588,2017-02-09,PBI,LGA,11.8333,14.7167,23.9333,23.9333,23.9333,23.9333,True,America/New_York,America/New_York
362,2017-02-09,PBI,LGA,12.8,15.6333,23.9333,23.9333,23.9333,23.9333,True,America/New_York,America/New_York
1619,2017-02-09,PBI,LGA,14.6,17.6,23.9333,23.9333,23.9333,23.9333,True,America/New_York,America/New_York
1600,2017-02-09,PBI,LGA,16.9333,19.9333,23.9333,23.9333,23.9333,23.9333,True,America/New_York,America/New_York
1262,2017-02-09,PBI,LGA,18.7333,21.4333,23.9333,23.9333,23.9333,23.9333,True,America/New_York,America/New_York
1635,2017-02-09,PBI,LGA,18.8167,21.7333,23.9333,23.9333,23.9333,23.9333,True,America/New_York,America/New_York
2135,2017-02-09,TPA,LGA,7.93333,10.7167,23.9333,23.9333,23.9333,23.9333,True,America/New_York,America/New_York
1429,2017-02-09,TPA,LGA,12.35,15.1167,23.9333,23.9333,23.9333,23.9333,True,America/New_York,America/New_York
1463,2017-02-09,TPA,LGA,15.6,18.4167,23.9333,23.9333,23.9333,23.9333,True,America/New_York,America/New_York
2378,2017-02-09,TPA,LGA,19.85,22.6167,20.4167,23.2167,23.1,20.5833,False,America/New_York,America/New_York
347,2017-02-09,DEN,LGA,10.1667,13.8333,26,47.9333,26,26,True,America/Denver,America/New_York
303,2017-02-09,DEN,LGA,11.95,15.55,13.3667,18.2167,19.8333,13.65,False,America/Denver,America/New_York
4082,2017-02-09,DEN,LGA,12.25,15.85,26,47.9333,26,26,True,America/Denver,America/New_York
928,2017-02-09,DEN,LGA,12.5667,16.25,26,47.9333,26,26,True,America/Denver,America/New_York
556,2017-02-09,DEN,LGA,13.3333,16.9333,16.6333,20,22.0167,16.85,False,America/Denver,America/New_York
596,2017-02-09,DEN,LGA,14.7,18.3333,26,47.9333,26,26,True,America/Denver,America/New_York
406,2017-02-09,DEN,LGA,18.0833,21.6667,17.9667,21.3667,23.3667,18.1167,False,America/Denver,America/New_York
771,2017-02-09,DEN,LGA,18.1667,21.9167,19.5833,23.1667,25.1,19.8,False,America/Denver,America/New_York
2014,2017-02-09,DEN,LGA,19.75,23.3333,19.7833,23.2833,25.25,20,False,America/Denver,America/New_York
3162,2017-02-09,DEN,LGA,19.8333,23.35,20.1333,23.65,25.5833,20.4,False,America/Denver,America/New_York
588,2017-02-09,HOU,LGA,9.93333,13.35,24.85,47.9333,24.85,24.85,True,America/Chicago,America/New_York
4168,2017-02-09,HOU,LGA,19.1833,22.6,19.1667,22.9167,23.6167,19.4333,False,America/Chicago,America/New_York
300,2017-02-09,MYR,LGA,9.65,11.5,23.9333,23.9333,23.9333,23.9333,True,America/New_York,America/New_York
922,2017-02-09,MYR,LGA,14.1167,15.9167,23.9333,23.9333,23.9333,23.9333,True,America/New_York,America/New_York
5203,2017-02-09,MCI,LGA,12.2667,15.1,24.85,47.9333,24.85,24.85,True,America/Chicago,America/New_York
807,2017-02-09,MCI,LGA,13.85,16.6,24.85,47.9333,24.85,24.85,True,America/Chicago,America/New_York
5367,2017-02-09,MCI,LGA,15.1833,18.1333,24.85,47.9333,24.85,24.85,True,America/Chicago,America/New_York
5416,2017-02-09,CMH,LGA,11.55,13.25,23.9333,23.9333,23.9333,23.9333,True,America/New_York,America/New_York
5459,2017-02-09,CMH,LGA,18.6,20.4333,23.9333,23.9333,23.9333,23.9333,True,America/New_York,America/New_York
1902,2017-02-09,PHL,LGA,15.9333,17.0333,17.5333,18.5,18.4167,17.8833,False,America/New_York,America/New_York
2074,2017-02-09,PHL,LGA,20.4333,21.4667,23.9333,23.9333,23.9333,23.9333,True,America/New_York,America/New_York
1979,2017-02-09,MSY,LGA,18.1833,21.25,18.2,21.2833,22.0667,18.35,False,America/Chicago,America/New_York
5404,2017-02-09,XNA,LGA,18.1833,21.2667,24.85,47.9333,24.85,24.85,True,America/Chicago,America/New_York
5327,2017-02-09,SAV,LGA,17.7667,19.95,23.9333,23.9333,23.9333,23.9333,True,America/New_York,America/New_York
5264,2017-02-09,CHS,LGA,18.0333,20.1,23.9333,23.9333,23.9333,23.9333,True,America/New_York,America/New_York
