flight_number,date,origin_airport,destination_airport,scheduled_departure_time,scheduled_arrival_time,actual_departure_time,actual_arrival_time,wheels_on_time,wheels_off_time,cancelled,origin_time_zone,destination_time_zone
1275,2003-03-16,LGA,CLT,5.76667,7.6,5.83333,7.58333,7.51667,6.13333,False,America/New_York,America/New_York
1092,2003-03-16,LGA,CLT,7.1,9,7.05,8.71667,8.66667,7.28333,False,America/New_York,America/New_York
529,2003-03-16,LGA,CLT,9.35,11.4333,9.3,11.0667,10.9833,9.56667,False,America/New_York,America/New_York
944,2003-03-16,LGA,CLT,11.2667,13.2667,11.2,12.9667,12.9,11.4167,False,America/New_York,America/New_York
1157,2003-03-16,LGA,CLT,12.9333,14.85,12.9333,14.5,14.45,13.0667,False,America/New_York,America/New_York
59,2003-03-16,LGA,CLT,15.1833,17.15,15.2833,17.05,16.9833,15.5667,False,America/New_York,America/New_York
573,2003-03-16,LGA,CLT,16.7667,18.7667,16.7,18.3667,18.3167,16.9,False,America/New_York,America/New_York
1617,2003-03-16,LGA,CLT,18.6833,20.6333,18.55,20.4667,20.4167,18.9833,False,America/New_York,America/New_York
933,2003-03-16,LGA,CLT,20.1833,22.2167,20.1667,22.1333,22,20.65,False,America/New_York,America/New_York
301,2003-03-16,LGA,ORD,5.93333,8.3,5.9,8.41667,7.41667,6.15,False,America/New_York,America/Chicago
667,2003-03-16,LGA,ORD,5.93333,8.16667,5.91667,8,7,6.11667,False,America/New_York,America/Chicago
669,2003-03-16,LGA,ORD,6.68333,9.05,6.56667,8.58333,7.6,6.68333,False,America/New_York,America/Chicago
305,2003-03-16,LGA,ORD,6.93333,9.45,6.76667,8.83333,7.8,6.96667,False,America/New_York,America/Chicago
309,2003-03-16,LGA,ORD,7.93333,10.45,7.95,10.2833,9.28333,8.36667,False,America/New_York,America/Chicago
671,2003-03-16,LGA,ORD,7.93333,10.35,7.81667,9.95,8.91667,7.96667,False,America/New_York,America/Chicago
311,2003-03-16,LGA,ORD,8.43333,10.95,8.36667,10.6,9.6,8.56667,False,America/New_York,America/Chicago
313,2003-03-16,LGA,ORD,8.93333,11.5667,8.86667,11.2,10.15,9.1,False,America/New_York,America/Chicago
881,2003-03-16,LGA,ORD,8.93333,11.4,8.9,11.0833,10.0333,9.05,False,America/New_York,America/Chicago
317,2003-03-16,LGA,ORD,9.93333,12.45,11.2,13.1167,12.0667,11.3833,False,America/New_York,America/Chicago
675,2003-03-16,LGA,ORD,9.93333,12.4667,9.88333,12.0667,11.1167,10.35,False,America/New_York,America/Chicago
321,2003-03-16,LGA,ORD,10.9333,13.45,10.8333,13.15,12.1333,11.2833,False,America/New_York,America/Chicago
325,2003-03-16,LGA,ORD,11.9167,14.4167,11.7167,13.8833,12.85,12.0333,False,America/New_York,America/Chicago
679,2003-03-16,LGA,ORD,11.9333,14.3,11.85,13.9,12.9167,12.0667,False,America/New_York,America/Chicago
681,2003-03-16,LGA,ORD,12.9333,15.35,12.8833,14.8667,13.8667,13.0833,False,America/New_York,America/Chicago
333,2003-03-16,LGA,ORD,13.9333,16.4167,13.7167,16.0333,14.95,14.0667,False,America/New_York,America/Chicago
1007,2003-03-16,LGA,ORD,13.9333,16.35,13.8333,16.0833,15.0167,14.1833,False,America/New_York,America/Chicago
337,2003-03-16,LGA,ORD,14.9333,17.4667,14.8833,17.0167,15.9667,15.1333,False,America/New_York,America/Chicago
687,2003-03-16,LGA,ORD,14.9333,17.3167,14.8833,17,15.95,15.15,False,America/New_York,America/Chicago
341,2003-03-16,LGA,ORD,15.9333,18.5,15.8167,18.05,16.8,15.9833,False,America/New_York,America/Chicago
689,2003-03-16,LGA,ORD,15.9333,18.35,15.9333,17.9833,16.8667,16.1333,False,America/New_York,America/Chicago
659,2003-03-16,LGA,ORD,16.9333,19.45,16.9333,19.1667,18.1833,17.3667,False,America/New_York,America/Chicago
349,2003-03-16,LGA,ORD,17.9333,20.6,17.7667,20.1167,18.8333,17.9667,False,America/New_York,America/Chicago
693,2003-03-16,LGA,ORD,17.9333,20.4833,17.9167,20.15,19.1667,18.3167,False,America/New_York,America/Chicago
353,2003-03-16,LGA,ORD,18.9333,21.5167,18.8667,21.0167,19.9833,19.1333,False,America/New_York,America/Chicago
695,2003-03-16,LGA,ORD,18.9333,21.5833,18.9167,21.1333,20.1167,19.25,False,America/New_York,America/Chicago
357,2003-03-16,LGA,ORD,19.9333,22.4833,19.8333,22.1333,21.1333,20.35,False,America/New_York,America/Chicago
697,2003-03-16,LGA,ORD,19.9333,22.4333,19.9,22.4333,21.3333,20.4,False,America/New_York,America/Chicago
705,2003-03-16,LGA,DFW,5.93333,9.7,5.86667,9.21667,8.08333,6.08333,False,America/New_York,America/Chicago
3015,2003-03-16,LGA,DFW,6.43333,10.4167,6.35,9.68333,8.56667,6.53333,False,America/New_York,America/Chicago
719,2003-03-16,LGA,DFW,7.73333,11.6,7.61667,10.95,9.9,7.85,False,America/New_York,America/Chicago
721,2003-03-16,LGA,DFW,9.1,13.3167,9,12.5167,11.4667,9.38333,False,America/New_York,America/Chicago
731,2003-03-16,LGA,DFW,10.5667,14.6333,10.5,13.75,12.7167,10.6667,False,America/New_York,America/Chicago
381,2003-03-16,LGA,DFW,11.5167,15.4333,11.6,14.95,13.9667,11.9,False,America/New_York,America/Chicago
739,2003-03-16,LGA,DFW,12,15.9333,12,15.6333,14.3167,12.3,False,America/New_York,America/Chicago
743,2003-03-16,LGA,DFW,12.7167,16.7667,12.6667,15.9,14.9,12.85,False,America/New_York,America/Chicago
745,2003-03-16,LGA,DFW,13.8833,17.9333,13.8667,17.55,16.2833,14.1167,False,America/New_York,America/Chicago
753,2003-03-16,LGA,DFW,14.55,18.65,15.2167,18.5667,17.6,15.5167,False,America/New_York,America/Chicago
773,2003-03-16,LGA,DFW,16.4167,20.5,16.4833,20.1333,18.8333,16.75,False,America/New_York,America/Chicago
1649,2003-03-16,LGA,DFW,17.0167,20.9333,16.9167,20.55,19.4167,17.35,False,America/New_York,America/Chicago
785,2003-03-16,LGA,DFW,17.9667,21.9333,17.9333,21.55,20.5333,18.4667,False,America/New_York,America/Chicago
633,2003-03-16,LGA,IAH,5.93333,9.6,5.91667,9.31667,8.31667,6.23333,False,America/New_York,America/Chicago
733,2003-03-16,LGA,IAH,7.93333,11.8667,7.81667,11.0667,10.0667,8,False,America/New_York,America/Chicago
1033,2003-03-16,LGA,IAH,10.6833,14.6667,10.6167,14.15,13.15,10.8,False,America/New_York,America/Chicago
1233,2003-03-16,LGA,IAH,13.6833,17.3833,13.6667,17,15.9333,13.8833,False,America/New_York,America/Chicago
133,2003-03-16,LGA,IAH,14.9333,18.7833,15.0167,18.6833,17.7,15.35,False,America/New_York,America/Chicago
1833,2003-03-16,LGA,IAH,16.4333,20.25,16.45,19.7833,18.7833,16.7167,False,America/New_York,America/Chicago
233,2003-03-16,LGA,IAH,18.4333,22.1167,18.45,22.0167,21.0333,18.6833,False,America/New_York,America/Chicago
2017,2003-03-16,LGA,ATL,5.93333,8.38333,5.88333,8.33333,8.05,6.26667,False,America/New_York,America/New_York
435,2003-03-16,LGA,ATL,6.43333,8.93333,6.26667,8.46667,8.25,6.5,False,America/New_York,America/New_York
273,2003-03-16,LGA,ATL,6.93333,9.5,6.8,9.21667,9.03333,7.25,False,America/New_York,America/New_York
297,2003-03-16,LGA,ATL,8.93333,11.5667,8.85,11.0667,10.8833,9.13333,False,America/New_York,America/New_York
1472,2003-03-16,LGA,ATL,9.93333,12.5333,9.83333,12.0667,11.9667,10.1167,False,America/New_York,America/New_York
615,2003-03-16,LGA,ATL,10.9333,13.4667,10.8833,13.2333,13.0667,11.1833,False,America/New_York,America/New_York
361,2003-03-16,LGA,ATL,11.1833,13.7833,11.1833,13.6333,13.4833,11.55,False,America/New_York,America/New_York
1089,2003-03-16,LGA,ATL,11.9333,14.55,11.9667,14.2167,14.0667,12.3167,False,America/New_York,America/New_York
619,2003-03-16,LGA,ATL,12.9333,15.45,12.8667,15.4667,15.3333,13.4833,False,America/New_York,America/New_York
365,2003-03-16,LGA,ATL,12.9333,15.4167,12.9167,15.5167,15.4,13.5333,False,America/New_York,America/New_York
1287,2003-03-16,LGA,ATL,13.9333,16.5,13.85,16.4667,16.3,14.35,False,America/New_York,America/New_York
1273,2003-03-16,LGA,ATL,14.9333,17.4833,14.8833,17.1,16.9333,15.25,False,America/New_York,America/New_York
367,2003-03-16,LGA,ATL,15.4167,18.0167,15.35,17.4833,17.4,15.5667,False,America/New_York,America/New_York
1115,2003-03-16,LGA,ATL,15.9333,18.5,15.7833,18.0167,17.85,16.05,False,America/New_York,America/New_York
349,2003-03-16,LGA,ATL,16.65,19.3333,16.5333,18.7333,18.6167,16.8167,False,America/New_York,America/New_York
1431,2003-03-16,LGA,ATL,16.9333,19.6167,16.95,19.4333,19.2167,17.3,False,America/New_York,America/New_York
581,2003-03-16,LGA,ATL,17.9333,20.6833,17.9167,20.3667,20.25,18.5,False,America/New_York,America/New_York
375,2003-03-16,LGA,ATL,18.8833,21.3833,18.8833,21.2167,21.0667,19.3,False,America/New_York,America/New_York
635,2003-03-16,LGA,ATL,18.9333,21.5167,18.9833,21.35,21.2,19.3667,False,America/New_York,America/New_York
775,2003-03-16,LGA,ATL,19.9333,22.5333,20.3167,22.5833,22.4333,20.7167,False,America/New_York,America/New_York
373,2003-03-16,LGA,ATL,20.6,23.1,20.6667,22.8667,22.7333,20.9833,False,America/New_York,America/New_York
643,2003-03-16,LGA,ATL,20.9333,23.3833,20.8167,23,22.8667,21.1,False,America/New_York,America/New_York
1631,2003-03-16,LGA,DEN,6.01667,10.3,5.95,9.86667,7.71667,6.18333,False,America/New_York,America/Denver
411,2003-03-16,LGA,DEN,7.9,12.3333,7.88333,12.3,9.66667,8.15,False,America/New_York,America/Denver
441,2003-03-16,LGA,DEN,11.35,15.6167,11.2667,15.1,12.9333,11.4833,False,America/New_York,America/Denver
447,2003-03-16,LGA,DEN,13.9333,18.1667,13.8833,17.9833,15.8167,14.2667,False,America/New_York,America/Denver
429,2003-03-16,LGA,DEN,16.85,21.2333,16.85,20.9833,18.7667,17.1833,False,America/New_York,America/Denver
1463,2003-03-16,LGA,CVG,6.01667,8.16667,5.95,7.81667,7.73333,6.2,False,America/New_York,America/New_York
1072,2003-03-16,LGA,CVG,9.6,11.85,9.46667,11.2333,11.1333,9.7,False,America/New_York,America/New_York
981,2003-03-16,LGA,CVG,13.1,15.25,12.9667,15.6833,14.5667,13.25,False,America/New_York,America/New_York
2073,2003-03-16,LGA,CVG,15.5167,17.7167,15.9167,18,17.8667,16.2833,False,America/New_York,America/New_York
1485,2003-03-16,LGA,CVG,17.5167,19.8333,23.9333,23.9333,23.9333,23.9333,True,America/New_York,America/New_York
335,2003-03-16,LGA,DTW,6.1,8.61667,6.16667,8.8,8.1,6.45,False,America/New_York,America/Detroit
1116,2003-03-16,LGA,DTW,9.18333,11.85,9.95,12.2,11.4833,10.2,False,America/New_York,America/Detroit
4418,2003-03-16,LGA,DTW,11.85,14.5333,11.75,14.05,13.3333,12.1,False,America/New_York,America/Detroit
337,2003-03-16,LGA,DTW,12.6,15.0833,12.5667,14.8333,14.1167,12.8,False,America/New_York,America/Detroit
531,2003-03-16,LGA,DTW,13.85,16.4,13.7333,16.1167,15.4,14,False,America/New_York,America/Detroit
4420,2003-03-16,LGA,DTW,15.0167,17.5333,14.9667,17.3,16.5667,15.2833,False,America/New_York,America/Detroit
488,2003-03-16,LGA,DTW,16.1833,18.7667,16.3833,18.8167,18.1167,16.6833,False,America/New_York,America/Detroit
529,2003-03-16,LGA,DTW,18.0167,20.6167,17.8333,20.3167,19.6,18.2167,False,America/New_York,America/Detroit
4449,2003-03-16,LGA,DTW,18.1833,20.8667,18.1,20.9,20.2167,18.6167,False,America/New_York,America/Detroit
527,2003-03-16,LGA,DTW,19.9167,22.6333,19.9667,22.5,21.7333,20.5167,False,America/New_York,America/Detroit
545,2003-03-16,LGA,DTW,21.4333,24.1167,21.7333,23.95,23.2333,21.9333,False,America/New_York,America/Detroit
667,2003-03-16,LGA,MCO,6.18333,8.95,6.2,8.86667,8.76667,6.56667,False,America/New_York,America/New_York
2947,2003-03-16,LGA,MCO,9.18333,12.1,9.08333,11.7833,11.7333,9.41667,False,America/New_York,America/New_York
1697,2003-03-16,LGA,MCO,11.0833,13.9167,11,13.6167,13.5833,11.2167,False,America/New_York,America/New_York
421,2003-03-16,LGA,MCO,11.9333,14.7333,11.85,14.5667,14.4833,12.2667,False,America/New_York,America/New_York
257,2003-03-16,LGA,MCO,13.4333,16.1833,13.4833,16.0167,15.95,13.7,False,America/New_York,America/New_York
1329,2003-03-16,LGA,MCO,18.9167,21.7833,19.15,21.9667,21.85,19.6667,False,America/New_York,America/New_York
395,2003-03-16,LGA,MSP,6.26667,9.15,6.26667,9.05,8.05,6.58333,False,America/New_York,America/Chicago
361,2003-03-16,LGA,MSP,7.93333,10.9333,7.85,10.5167,9.53333,8.1,False,America/New_York,America/Chicago
157,2003-03-16,LGA,MSP,11.5667,14.5667,11.4833,14.1667,13.05,11.7667,False,America/New_York,America/Chicago
515,2003-03-16,LGA,MSP,13.4333,16.2667,13.2833,15.8,14.7,13.4333,False,America/New_York,America/Chicago
521,2003-03-16,LGA,MSP,16.9333,19.9833,16.8333,19.3333,18.3667,17.0333,False,America/New_York,America/Chicago
519,2003-03-16,LGA,MSP,19.0167,21.9833,18.95,21.5833,20.6,19.3333,False,America/New_York,America/Chicago
4445,2003-03-16,LGA,RDU,6.26667,8.1,6.33333,7.96667,7.83333,6.61667,False,America/New_York,America/New_York
4457,2003-03-16,LGA,RDU,9.93333,11.6,10.4,11.9,11.7833,10.5833,False,America/New_York,America/New_York
4429,2003-03-16,LGA,RDU,15.1,16.7667,15.1667,16.8,16.7333,15.4333,False,America/New_York,America/New_York
4464,2003-03-16,LGA,RDU,16.85,18.6,16.7333,18.2,18.0667,16.8833,False,America/New_York,America/New_York
4403,2003-03-16,LGA,RDU,17.9333,19.7667,17.8333,19.4167,19.3167,18.1333,False,America/New_York,America/New_York
4456,2003-03-16,LGA,RDU,19.4333,21.1,19.6,21.2833,21.2,20.0333,False,America/New_York,America/New_York
7001,2003-03-16,LGA,IAD,6.35,7.75,6.23333,7.15,7.06667,6.4,False,America/New_York,America/New_York
7003,2003-03-16,LGA,IAD,10.4333,11.75,10.4333,11.7333,11.6667,10.9333,False,America/New_York,America/New_York
7005,2003-03-16,LGA,IAD,14.6333,16.0333,14.65,15.7167,15.6333,14.85,False,America/New_York,America/New_York
847,2003-03-16,LGA,IAD,19.0167,20.45,19.0167,20.2333,20.1167,19.4,False,America/New_York,America/New_York
7009,2003-03-16,LGA,IAD,19.9333,21.2333,23.9333,23.9333,23.9333,23.9333,True,America/New_York,America/New_York
1735,2003-03-16,LGA,MIA,6.68333,9.61667,6.66667,9.46667,9.35,6.9,False,America/New_York,America/New_York
953,2003-03-16,LGA,MIA,7.1,10.1833,7.11667,9.93333,9.81667,7.3,False,America/New_York,America/New_York
1567,2003-03-16,LGA,MIA,9.1,12.3833,9.01667,11.9833,11.85,9.36667,False,America/New_York,America/New_York
923,2003-03-16,LGA,MIA,12.8833,16.0167,12.7167,15.6,15.5,13,False,America/New_York,America/New_York
1113,2003-03-16,LGA,MIA,14.8333,18.05,14.8333,17.9667,17.6333,15,False,America/New_York,America/New_York
1129,2003-03-16,LGA,MIA,17.4333,20.55,17.85,20.7333,20.65,18.1,False,America/New_York,America/New_York
2111,2003-03-16,LGA,MIA,19.1833,22.2667,19.4333,22.5167,22.4167,19.9833,False,America/New_York,America/New_York
2097,2003-03-16,LGA,MIA,19.9167,23.0667,19.8,23.2333,23.0333,20.2667,False,America/New_York,America/New_York
857,2003-03-16,LGA,MIA,20.6833,23.8167,20.8,23.7,23.5667,21.0167,False,America/New_York,America/New_York
73,2003-03-16,LGA,PIT,6.85,8.3,6.88333,8.13333,8,7.11667,False,America/New_York,America/New_York
1177,2003-03-16,LGA,PIT,9.01667,10.6333,8.95,10.2167,10.1,9.18333,False,America/New_York,America/New_York
545,2003-03-16,LGA,PIT,15.1,16.6333,15.0333,16.3167,16.1833,15.3,False,America/New_York,America/New_York
135,2003-03-16,LGA,PIT,17.9167,19.4833,17.8833,19.3167,19.1833,18.25,False,America/New_York,America/New_York
977,2003-03-16,LGA,PIT,19.6833,21.25,19.85,21.45,21.3667,20.5,False,America/New_York,America/New_York
2663,2003-03-16,LGA,DCA,6.93333,8,6.85,7.83333,7.75,7.05,False,America/New_York,America/New_York
1745,2003-03-16,LGA,DCA,8.43333,9.68333,8.45,9.31667,9.25,8.61667,False,America/New_York,America/New_York
2667,2003-03-16,LGA,DCA,8.93333,10.05,8.86667,9.8,9.73333,9.06667,False,America/New_York,America/New_York
4489,2003-03-16,LGA,DCA,8.93333,10.1833,8.76667,9.71667,9.66667,9,False,America/New_York,America/New_York
1747,2003-03-16,LGA,DCA,9.43333,10.6833,9.73333,10.5667,10.5167,9.88333,False,America/New_York,America/New_York
2669,2003-03-16,LGA,DCA,9.93333,11.05,9.88333,10.7833,10.7,10.1,False,America/New_York,America/New_York
1749,2003-03-16,LGA,DCA,10.4333,11.6,10.4,11.35,11.3,10.6333,False,America/New_York,America/New_York
2671,2003-03-16,LGA,DCA,10.9333,11.9833,10.8167,11.8667,11.7667,11.0833,False,America/New_York,America/New_York
1751,2003-03-16,LGA,DCA,11.4333,12.6,11.4,12.35,12.2833,11.65,False,America/New_York,America/New_York
2673,2003-03-16,LGA,DCA,11.9333,12.9167,11.8,12.65,12.6,11.95,False,America/New_York,America/New_York
1753,2003-03-16,LGA,DCA,12.4333,13.6,12.4667,13.4833,13.4333,12.7667,False,America/New_York,America/New_York
2675,2003-03-16,LGA,DCA,12.9333,14.0167,12.8333,13.75,13.6833,13.0333,False,America/New_York,America/New_York
4491,2003-03-16,LGA,DCA,12.9333,14.1833,12.9,14,13.95,13.3,False,America/New_York,America/New_York
1755,2003-03-16,LGA,DCA,13.4333,14.5833,13.4167,14.35,14.2667,13.65,False,America/New_York,America/New_York
2677,2003-03-16,LGA,DCA,13.9333,15.05,13.8333,14.8667,14.8,14.15,False,America/New_York,America/New_York
4485,2003-03-16,LGA,DCA,13.9333,15.1833,13.8833,15,14.95,14.25,False,America/New_York,America/New_York
1757,2003-03-16,LGA,DCA,14.4333,15.5667,14.4,15.3333,15.2667,14.5833,False,America/New_York,America/New_York
2679,2003-03-16,LGA,DCA,14.9333,16.1167,14.8833,15.7667,15.7167,15.0333,False,America/New_York,America/New_York
4471,2003-03-16,LGA,DCA,14.9333,16.1833,15.1667,16.1667,16.1167,15.45,False,America/New_York,America/New_York
1759,2003-03-16,LGA,DCA,15.4333,16.6,15.4667,16.5167,16.4333,15.7333,False,America/New_York,America/New_York
2681,2003-03-16,LGA,DCA,15.9333,17.1,15.8833,16.9167,16.85,16.2,False,America/New_York,America/New_York
4499,2003-03-16,LGA,DCA,15.9333,17.1833,15.9667,17.2333,17.1833,16.5167,False,America/New_York,America/New_York
1761,2003-03-16,LGA,DCA,16.4333,17.6,16.4167,17.3833,17.3333,16.6167,False,America/New_York,America/New_York
2683,2003-03-16,LGA,DCA,16.9333,18.1167,16.85,17.8833,17.8167,17.2,False,America/New_York,America/New_York
4493,2003-03-16,LGA,DCA,16.9333,18.1833,16.9333,17.9833,17.9333,17.25,False,America/New_York,America/New_York
1763,2003-03-16,LGA,DCA,17.4333,18.6833,17.4,18.3667,18.3167,17.6667,False,America/New_York,America/New_York
2685,2003-03-16,LGA,DCA,17.9333,19.05,17.8833,19.1833,19.1167,18.45,False,America/New_York,America/New_York
1765,2003-03-16,LGA,DCA,18.4333,19.6833,18.45,19.65,19.5833,18.9,False,America/New_York,America/New_York
2687,2003-03-16,LGA,DCA,18.9333,20.0833,18.9167,20.0333,19.95,19.2833,False,America/New_York,America/New_York
4473,2003-03-16,LGA,DCA,18.9333,20.1833,18.9,19.9667,19.9167,19.2333,False,America/New_York,America/New_York
1767,2003-03-16,LGA,DCA,19.4333,20.6833,19.4167,20.6167,20.5167,19.85,False,America/New_York,America/New_York
2689,2003-03-16,LGA,DCA,19.9333,21.1167,19.85,21.35,21.2667,20.4667,False,America/New_York,America/New_York
1769,2003-03-16,LGA,DCA,20.4333,21.6,20.5167,21.5667,21.5,20.8167,False,America/New_York,America/New_York
2915,2003-03-16,LGA,CLE,6.93333,8.48333,6.85,8.15,8.03333,7.01667,False,America/New_York,America/New_York
4434,2003-03-16,LGA,CLE,8.85,10.6,8.7,10.0333,9.98333,8.91667,False,America/New_York,America/New_York
2015,2003-03-16,LGA,CLE,10.2667,11.9333,10.1333,11.5167,11.4667,10.3833,False,America/New_York,America/New_York
4433,2003-03-16,LGA,CLE,13.7667,15.35,13.7333,15.35,15.25,14.0833,False,America/New_York,America/New_York
2115,2003-03-16,LGA,CLE,14.4333,16.1,14.3833,15.9,15.8167,14.65,False,America/New_York,America/New_York
2215,2003-03-16,LGA,CLE,16.1833,17.85,16.0833,17.5,17.4333,16.3833,False,America/New_York,America/New_York
1651,2003-03-16,LGA,CLE,17.7667,19.4667,17.7833,19.8,19.7333,18.55,False,America/New_York,America/New_York
2315,2003-03-16,LGA,CLE,19.4333,21.0833,19.35,20.8667,20.7833,19.75,False,America/New_York,America/New_York
4405,2003-03-16,LGA,CLE,19.85,21.6833,19.8,21.3333,21.25,20.2333,False,America/New_York,America/New_York
1365,2003-03-16,LGA,PBI,7.1,10,7.25,9.88333,9.81667,7.5,False,America/New_York,America/New_York
259,2003-03-16,LGA,PBI,7.26667,10.2667,7.21667,10,9.93333,7.51667,False,America/New_York,America/New_York
2043,2003-03-16,LGA,PBI,11.2667,14.15,11.15,14.4,14.3333,11.7333,False,America/New_York,America/New_York
609,2003-03-16,LGA,PBI,11.7667,14.7,11.6667,14.55,14.45,12.05,False,America/New_York,America/New_York
2069,2003-03-16,LGA,PBI,14.9167,17.8667,14.8167,17.5667,17.5167,14.9833,False,America/New_York,America/New_York
181,2003-03-16,LGA,PBI,16.6833,19.7333,16.8,19.8,19.7167,17.0833,False,America/New_York,America/New_York
407,2003-03-16,LGA,FLL,7.1,10.25,7.03333,9.86667,9.76667,7.35,False,America/New_York,America/New_York
2039,2003-03-16,LGA,FLL,7.18333,10.3167,7.15,10.05,9.98333,7.38333,False,America/New_York,America/New_York
1903,2003-03-16,LGA,FLL,10.6,13.7167,10.55,14.0167,13.9333,11.05,False,America/New_York,America/New_York
263,2003-03-16,LGA,FLL,13.6,16.6833,13.6667,16.4667,16.3833,13.9167,False,America/New_York,America/New_York
605,2003-03-16,LGA,FLL,15.4167,18.5667,15.8333,19.15,19.0833,16.25,False,America/New_York,America/New_York
2431,2003-03-16,LGA,FLL,18.5167,21.6833,18.9833,22.8833,22.2667,19.4833,False,America/New_York,America/New_York
2051,2003-03-16,LGA,FLL,19.5167,22.6,19.5333,22.5,22.4167,19.9333,False,America/New_York,America/New_York
447,2003-03-16,LGA,FLL,20.9333,23.9167,20.9333,23.6667,23.6167,21.15,False,America/New_York,America/New_York
653,2003-03-16,LGA,PHL,7.26667,8.31667,7.2,8.01667,7.91667,7.46667,False,America/New_York,America/New_York
1033,2003-03-16,LGA,PHL,15.4333,16.55,15.3833,16.3,16.25,15.65,False,America/New_York,America/New_York
739,2003-03-16,LGA,MSY,7.76667,11.0167,7.65,10.5333,9.51667,7.9,False,America/New_York,America/Chicago
1293,2003-03-16,LGA,MSY,10.6833,14.1333,10.5667,13.4667,12.5,10.8333,False,America/New_York,America/Chicago
2618,2003-03-16,LGA,BOS,7.93333,8.98333,7.85,8.81667,8.76667,8.11667,False,America/New_York,America/New_York
1824,2003-03-16,LGA,BOS,8.43333,9.6,8.41667,9.33333,9.21667,8.58333,False,America/New_York,America/New_York
4735,2003-03-16,LGA,BOS,8.93333,10.1833,9.13333,10.5333,10.45,9.78333,False,America/New_York,America/New_York
1826,2003-03-16,LGA,BOS,9.43333,10.6833,9.41667,10.3,10.2167,9.61667,False,America/New_York,America/New_York
2622,2003-03-16,LGA,BOS,9.93333,10.9833,9.85,10.8167,10.7667,10.0833,False,America/New_York,America/New_York
1828,2003-03-16,LGA,BOS,10.4333,11.55,10.4167,11.2667,11.2,10.6,False,America/New_York,America/New_York
1830,2003-03-16,LGA,BOS,11.4333,12.5167,11.4,12.3,12.15,11.6333,False,America/New_York,America/New_York
2626,2003-03-16,LGA,BOS,11.9333,12.95,11.8667,12.65,12.5167,12,False,America/New_York,America/New_York
1832,2003-03-16,LGA,BOS,12.4333,13.6,12.4167,13.3167,13.15,12.6167,False,America/New_York,America/New_York
1834,2003-03-16,LGA,BOS,13.4333,14.5167,13.4167,14.2833,14.1333,13.6167,False,America/New_York,America/New_York
2630,2003-03-16,LGA,BOS,13.9333,15.05,13.85,14.7833,14.65,14.1333,False,America/New_York,America/New_York
1836,2003-03-16,LGA,BOS,14.4333,15.5167,14.45,15.3667,15.2667,14.7167,False,America/New_York,America/New_York
4723,2003-03-16,LGA,BOS,14.9333,16.1,14.8167,15.9,15.7,15.1333,False,America/New_York,America/New_York
1838,2003-03-16,LGA,BOS,15.4333,16.5667,15.4333,16.3333,16.1667,15.6167,False,America/New_York,America/New_York
2634,2003-03-16,LGA,BOS,15.9333,17.0667,15.85,16.8167,16.6667,16.0667,False,America/New_York,America/New_York
1840,2003-03-16,LGA,BOS,16.4333,17.6,16.4333,17.6167,17.45,16.7333,False,America/New_York,America/New_York
1842,2003-03-16,LGA,BOS,17.4333,18.6833,17.45,18.4833,18.3,17.6,False,America/New_York,America/New_York
2638,2003-03-16,LGA,BOS,17.9333,19.0167,17.9167,19.1,18.9167,18.35,False,America/New_York,America/New_York
4737,2003-03-16,LGA,BOS,17.9333,19.1833,17.8833,19.9167,19.6833,18.2833,False,America/New_York,America/New_York
1844,2003-03-16,LGA,BOS,18.4333,19.6833,18.45,19.5833,19.4333,18.8333,False,America/New_York,America/New_York
1846,2003-03-16,LGA,BOS,19.4333,20.6833,19.6167,20.7,20.5,19.9667,False,America/New_York,America/New_York
2642,2003-03-16,LGA,BOS,19.9333,21.0167,19.85,21.1333,21,20.3833,False,America/New_York,America/New_York
1848,2003-03-16,LGA,BOS,20.4333,21.55,20.5333,21.5667,21.3833,20.85,False,America/New_York,America/New_York
1005,2003-03-16,LGA,TPA,8.1,11.1833,7.93333,10.7167,10.65,8.2,False,America/New_York,America/New_York
1247,2003-03-16,LGA,TPA,11.6833,14.7667,11.7167,14.3,14.2167,11.9167,False,America/New_York,America/New_York
1621,2003-03-16,LGA,TPA,14.4167,17.3333,14.35,16.8833,16.8167,14.5,False,America/New_York,America/New_York
1525,2003-03-16,LGA,TPA,18.4333,21.6833,18.3333,21.1167,21.0667,18.8667,False,America/New_York,America/New_York
543,2003-03-16,LGA,TPA,18.6833,21.7,18.65,21.4167,21.35,19.1,False,America/New_York,America/New_York
2811,2003-03-16,LGA,STL,8.91667,11.8833,8.7,10.9167,9.96667,8.9,False,America/New_York,America/Chicago
2085,2003-03-16,LGA,STL,12.1667,14.9667,12.3667,14.8333,13.8,12.65,False,America/New_York,America/Chicago
3059,2003-03-16,LGA,STL,15.4333,18.3333,15.35,17.8167,16.7833,15.6333,False,America/New_York,America/Chicago
3105,2003-03-16,LGA,STL,18.2167,21.0333,18.0833,20.6667,19.7,18.5667,False,America/New_York,America/Chicago
971,2003-03-16,LGA,PHF,8.91667,10.4,8.85,9.98333,9.86667,9.08333,False,America/New_York,America/New_York
977,2003-03-16,LGA,PHF,19.35,20.85,19.85,21.5167,21.4333,20.4167,False,America/New_York,America/New_York
629,2003-03-16,LGA,MEM,9.93333,12.9167,9.93333,12.3,11.3,10.1667,False,America/New_York,America/Chicago
627,2003-03-16,LGA,MEM,14.4167,17.3167,14.35,16.8833,15.9,14.6167,False,America/New_York,America/Chicago
631,2003-03-16,LGA,MEM,17.9167,20.8667,17.8333,20.6667,19.65,18.3333,False,America/New_York,America/Chicago
202,2003-03-16,LGA,CAK,9.93333,11.5167,9.78333,11.15,11.0667,10.0167,False,America/New_York,America/New_York
212,2003-03-16,LGA,CAK,17.9167,19.5167,17.9167,19.7333,19.6667,18.6667,False,America/New_York,America/New_York
215,2003-03-16,LGA,MDW,10.15,12.4167,10.5167,12.5,11.4,10.7,False,America/New_York,America/Chicago
553,2003-03-16,LGA,MDW,10.9333,13.4167,10.8833,13.25,11.8333,11.1,False,America/New_York,America/Chicago
211,2003-03-16,LGA,MDW,14.4167,16.75,15.1167,17.1667,16.0833,15.3,False,America/New_York,America/Chicago
209,2003-03-16,LGA,MDW,16.4333,18.8833,17.9,20.2833,19.2,18.5167,False,America/New_York,America/Chicago
575,2003-03-16,LGA,MDW,17.05,19.5167,16.85,19.3,18.0167,17.2833,False,America/New_York,America/Chicago
4411,2003-03-16,LGA,CMH,10.2667,12.1,10.15,11.7,11.6167,10.45,False,America/New_York,America/New_York
473,2003-03-16,LGA,BNA,12.9333,15.3333,14.0167,16.1333,15.1167,14.3833,False,America/New_York,America/Chicago
4432,2003-03-16,LGA,BNA,16.85,19.35,16.7833,18.7667,17.7833,16.9833,False,America/New_York,America/Chicago
1551,2003-03-16,LGA,BNA,19.0167,21.4833,19.65,21.8833,20.8833,20.05,False,America/New_York,America/Chicago
4459,2003-03-16,LGA,PWM,13.2667,14.35,13.1333,14.1333,14.05,13.3167,False,America/New_York,America/New_York
4465,2003-03-16,LGA,PWM,18.4333,19.6,18.2667,19.7833,19.7,18.7667,False,America/New_York,America/New_York
101,2003-03-16,LGA,IND,17.35,20.65,17.4833,20.4833,19.4,17.8167,False,America/New_York,America/Indiana/Indianapolis
1685,2003-03-16,LGA,HOU,17.4167,21.4833,18,21.7,20.7,18.4333,False,America/New_York,America/Chicago
489,2003-03-16,LGA,MCI,18.6833,21.9333,18.5833,21.65,20.6667,19.05,False,America/New_York,America/Chicago
4401,2003-03-16,LGA,BGR,20.6,21.85,20.4833,21.7833,21.7167,20.8,False,America/New_York,America/New_York
4400,2003-03-16,BGR,LGA,6.1,7.75,6.01667,7.21667,7.15,6.16667,False,America/New_York,America/New_York
218,2003-03-16,ATL,LGA,6.43333,8.58333,6.36667,8.33333,8.23333,6.58333,False,America/New_York,America/New_York
504,2003-03-16,ATL,LGA,7.43333,9.58333,7.33333,9.38333,9.25,7.58333,False,America/New_York,America/New_York
360,2003-03-16,ATL,LGA,8.35,10.5167,8.43333,10.75,10.6667,9.01667,False,America/New_York,America/New_York
506,2003-03-16,ATL,LGA,8.43333,10.75,8.46667,10.65,10.5333,8.8,False,America/New_York,America/New_York
472,2003-03-16,ATL,LGA,9.43333,11.55,9.41667,11.5,11.3667,9.66667,False,America/New_York,America/New_York
364,2003-03-16,ATL,LGA,9.93333,12.1833,9.83333,12.15,12.05,10.35,False,America/New_York,America/New_York
512,2003-03-16,ATL,LGA,10.4333,12.6,10.3667,12.8,12.6333,10.9833,False,America/New_York,America/New_York
1616,2003-03-16,ATL,LGA,11.4333,13.6,11.45,13.5667,13.4167,11.75,False,America/New_York,America/New_York
526,2003-03-16,ATL,LGA,12.4333,14.55,12.7167,14.7,14.5,12.8833,False,America/New_York,America/New_York
366,2003-03-16,ATL,LGA,12.5333,14.7667,12.4333,14.4333,14.35,12.6,False,America/New_York,America/New_York
1446,2003-03-16,ATL,LGA,13.4333,15.5833,13.45,15.5167,15.3833,13.6667,False,America/New_York,America/New_York
352,2003-03-16,ATL,LGA,13.6333,15.9833,13.6333,15.7333,15.65,13.95,False,America/New_York,America/New_York
432,2003-03-16,ATL,LGA,14.4333,16.6,14.4,16.4167,16.2333,14.6333,False,America/New_York,America/New_York
376,2003-03-16,ATL,LGA,14.9333,17.2667,15.35,17.3167,17.1833,15.5667,False,America/New_York,America/New_York
308,2003-03-16,ATL,LGA,15.4333,17.75,15.4167,17.55,17.3667,15.6833,False,America/New_York,America/New_York
1588,2003-03-16,ATL,LGA,16.4333,18.7667,16.55,18.5833,18.3167,16.7167,False,America/New_York,America/New_York
1676,2003-03-16,ATL,LGA,17.4333,19.7,17.45,19.7333,19.5833,17.9667,False,America/New_York,America/New_York
372,2003-03-16,ATL,LGA,17.6,19.9333,17.6,20.25,19.8167,18.1167,False,America/New_York,America/New_York
864,2003-03-16,ATL,LGA,18.4333,20.6833,18.5333,21.1167,20.9,18.8,False,America/New_York,America/New_York
688,2003-03-16,ATL,LGA,19.4333,21.5667,19.3833,21.6333,21.4667,19.6167,False,America/New_York,America/New_York
884,2003-03-16,ATL,LGA,20.4333,22.6833,20.5667,22.65,22.5167,20.9167,False,America/New_York,America/New_York
356,2003-03-16,ATL,LGA,20.6,22.85,20.5667,22.9,22.8333,20.9833,False,America/New_York,America/New_York
358,2003-03-16,ATL,LGA,21.4333,23.5667,21.5,23.5167,23.35,21.7,False,America/New_York,America/New_York
526,2003-03-16,DTW,LGA,7.26667,8.26667,7.4,9.03333,9.5,8.28333,False,America/Detroit,America/New_York
542,2003-03-16,DTW,LGA,10.7667,11.7167,10.85,11.8333,12.2833,11.05,False,America/Detroit,America/New_York
4426,2003-03-16,DTW,LGA,11.6167,12.7667,11.45,12.55,13.0333,11.6333,False,America/Detroit,America/New_York
1826,2003-03-16,DTW,LGA,12.55,13.55,12.75,13.8167,14.3,13.0167,False,America/Detroit,America/New_York
427,2003-03-16,DTW,LGA,14.2,15.2667,14.1833,15.3333,15.7667,14.5167,False,America/Detroit,America/New_York
4421,2003-03-16,DTW,LGA,15.0333,16.1833,14.8667,15.8333,16.2667,15,False,America/Detroit,America/New_York
530,2003-03-16,DTW,LGA,16.0167,17.15,15.9833,17.1333,17.55,16.1833,False,America/Detroit,America/New_York
210,2003-03-16,DTW,LGA,17.6,18.8,17.7,19,19.45,18.1,False,America/Detroit,America/New_York
4423,2003-03-16,DTW,LGA,18.0333,19.1833,17.9833,19.3,19.6167,18.2167,False,America/Detroit,America/New_York
538,2003-03-16,DTW,LGA,19.5667,20.8167,19.4833,20.8667,21.3333,19.8,False,America/Detroit,America/New_York
431,2003-03-16,DTW,LGA,21.9167,22.9333,22.1,23,23.5,22.3167,False,America/Detroit,America/New_York
312,2003-03-16,PIT,LGA,6.76667,8.03333,6.73333,7.93333,7.81667,6.91667,False,America/New_York,America/New_York
130,2003-03-16,PIT,LGA,12.9333,14.2833,13,14.4833,14.3333,13.2167,False,America/New_York,America/New_York
1104,2003-03-16,PIT,LGA,15.7667,17.2,15.8667,17.25,17.1333,16.0667,False,America/New_York,America/New_York
590,2003-03-16,PIT,LGA,17.4333,18.7333,17.8333,19.1833,19.0333,18.0167,False,America/New_York,America/New_York
136,2003-03-16,PIT,LGA,22.2667,23.6167,22.6333,23.8333,23.7167,22.8,False,America/New_York,America/New_York
1246,2003-03-16,MIA,LGA,6.93333,9.85,6.85,9.53333,9.45,7.13333,False,America/New_York,America/New_York
2052,2003-03-16,MIA,LGA,9.06667,11.9333,8.96667,11.6,11.5333,9.23333,False,America/New_York,America/New_York
1506,2003-03-16,MIA,LGA,10.9333,13.9667,10.8167,13.5667,13.5,11.1333,False,America/New_York,America/New_York
1818,2003-03-16,MIA,LGA,13.4333,16.4333,13.3667,16.9,16.85,14.4,False,America/New_York,America/New_York
924,2003-03-16,MIA,LGA,15.2667,18.3,15.2333,18.6833,18.6167,16.2,False,America/New_York,America/New_York
2504,2003-03-16,MIA,LGA,16.7667,19.8,16.75,19.5667,19.4333,16.9667,False,America/New_York,America/New_York
1350,2003-03-16,MIA,LGA,17.35,20.4833,17.5167,20.5,20.4333,17.9667,False,America/New_York,America/New_York
672,2003-03-16,MIA,LGA,19.5167,22.6333,20.6333,23.3833,23.3167,20.95,False,America/New_York,America/New_York
1026,2003-03-16,MIA,LGA,20.35,23.2833,20.5833,23.3833,23.3,20.8833,False,America/New_York,America/New_York
2438,2003-03-16,FLL,LGA,6.93333,9.75,6.8,9.26667,9.21667,6.95,False,America/New_York,America/New_York
658,2003-03-16,FLL,LGA,7.76667,10.6833,7.71667,10.6,10.4167,8.11667,False,America/New_York,America/New_York
406,2003-03-16,FLL,LGA,10.9333,13.8333,10.9,13.55,13.3833,11.1333,False,America/New_York,America/New_York
614,2003-03-16,FLL,LGA,12.4333,15.3667,12.4333,15.2667,15.1167,12.7333,False,America/New_York,America/New_York
626,2003-03-16,FLL,LGA,14.55,17.4167,14.7833,17.6333,17.55,15.1333,False,America/New_York,America/New_York
792,2003-03-16,FLL,LGA,16.1833,19.0833,16.1833,19.5,19.3167,16.95,False,America/New_York,America/New_York
2072,2003-03-16,FLL,LGA,19.55,22.4167,21.7167,24.5,24.2167,21.8833,False,America/New_York,America/New_York
670,2003-03-16,ORD,LGA,7.85,10,7.76667,10.0667,10.9167,8.28333,False,America/Chicago,America/New_York
390,2003-03-16,ORD,LGA,8.85,11.05,8.86667,11.15,11.8333,9.1,False,America/Chicago,America/New_York
674,2003-03-16,ORD,LGA,9.85,12,9.8,11.9667,12.8,10.15,False,America/Chicago,America/New_York
382,2003-03-16,ORD,LGA,10.85,12.9667,10.85,13.1,13.8,11.0333,False,America/Chicago,America/New_York
676,2003-03-16,ORD,LGA,10.85,12.9833,10.8167,12.9833,13.85,11.0833,False,America/Chicago,America/New_York
678,2003-03-16,ORD,LGA,11.85,13.9833,11.8333,13.8833,14.7333,12.0333,False,America/Chicago,America/New_York
374,2003-03-16,ORD,LGA,12.85,15.0833,12.7333,14.6667,15.5333,12.8833,False,America/Chicago,America/New_York
680,2003-03-16,ORD,LGA,12.85,15,12.75,14.8167,15.6667,12.9667,False,America/Chicago,America/New_York
682,2003-03-16,ORD,LGA,13.85,16.0333,13.8333,15.9,16.75,14.15,False,America/Chicago,America/New_York
366,2003-03-16,ORD,LGA,14.85,17.1,14.8167,16.8667,17.7167,15.0167,False,America/Chicago,America/New_York
686,2003-03-16,ORD,LGA,14.85,17.0667,14.8333,16.9,17.7333,15.0333,False,America/Chicago,America/New_York
362,2003-03-16,ORD,LGA,15.85,18.1167,15.8167,18.0333,18.75,16.0333,False,America/Chicago,America/New_York
688,2003-03-16,ORD,LGA,15.85,18.0667,15.8167,17.9833,18.8333,16.0833,False,America/Chicago,America/New_York
358,2003-03-16,ORD,LGA,16.85,19.25,16.7667,19,19.8667,17,False,America/Chicago,America/New_York
882,2003-03-16,ORD,LGA,16.85,19.0667,16.8,19,19.8333,17.0833,False,America/Chicago,America/New_York
354,2003-03-16,ORD,LGA,17.85,20.1167,17.75,19.8167,20.6,17.9667,False,America/Chicago,America/New_York
690,2003-03-16,ORD,LGA,17.85,20.1,17.8667,19.95,20.7833,18.1833,False,America/Chicago,America/New_York
352,2003-03-16,ORD,LGA,18.35,20.5167,18.3,20.3833,21.25,18.5167,False,America/Chicago,America/New_York
350,2003-03-16,ORD,LGA,18.85,21.1833,18.7333,21.1,21.9,19.0667,False,America/Chicago,America/New_York
1012,2003-03-16,ORD,LGA,18.85,21.0833,18.95,21.1833,22.0333,19.3333,False,America/Chicago,America/New_York
346,2003-03-16,ORD,LGA,19.85,22.0833,20.1833,22.1333,22.9833,20.4333,False,America/Chicago,America/New_York
696,2003-03-16,ORD,LGA,19.85,22.1,19.8,21.8667,22.7167,20.05,False,America/Chicago,America/New_York
342,2003-03-16,ORD,LGA,20.85,23.1333,21.4667,23.45,24.3167,21.6833,False,America/Chicago,America/New_York
698,2003-03-16,ORD,LGA,21.6,23.7,21.7667,23.8,24.6333,22.05,False,America/Chicago,America/New_York
336,2003-03-16,ORD,LGA,22.35,24.4,22.3,24.3667,25.1833,22.5833,False,America/Chicago,America/New_York
970,2003-03-16,PHF,LGA,6.93333,8.25,6.85,8.01667,7.91667,7.01667,False,America/New_York,America/New_York
974,2003-03-16,PHF,LGA,16.8333,18.2167,16.9333,18.35,18.1167,17.1833,False,America/New_York,America/New_York
700,2003-03-16,DFW,LGA,7.88333,11.1333,7.8,11.2,12.0167,8.06667,False,America/Chicago,America/New_York
654,2003-03-16,DFW,LGA,8.51667,11.8833,8.46667,12.1,12.8833,8.81667,False,America/Chicago,America/New_York
708,2003-03-16,DFW,LGA,9.86667,13.1,9.76667,13.1667,14.0167,10.0333,False,America/Chicago,America/New_York
710,2003-03-16,DFW,LGA,10.5833,13.8167,10.5,14.2,14.9667,10.8333,False,America/Chicago,America/New_York
712,2003-03-16,DFW,LGA,11.6333,14.9167,11.5667,15.1,15.8333,11.9167,False,America/Chicago,America/New_York
722,2003-03-16,DFW,LGA,13.55,16.9167,13.5167,16.85,17.6833,13.7333,False,America/Chicago,America/New_York
2216,2003-03-16,DFW,LGA,13.85,17.35,13.7167,17.2333,17.9333,13.9667,False,America/Chicago,America/New_York
736,2003-03-16,DFW,LGA,15.3833,18.8833,15.45,18.8333,19.6667,15.6667,False,America/Chicago,America/New_York
740,2003-03-16,DFW,LGA,15.9833,19.4167,15.95,19.5833,20.3167,16.3333,False,America/Chicago,America/New_York
2840,2003-03-16,DFW,LGA,17,20.4333,16.9833,20.45,21.2833,17.2833,False,America/Chicago,America/New_York
760,2003-03-16,DFW,LGA,18.3833,21.7667,18.3,21.4833,22.3333,18.4833,False,America/Chicago,America/New_York
766,2003-03-16,DFW,LGA,19.8833,23.1667,20.35,23.9,24.7333,20.7833,False,America/Chicago,America/New_York
2236,2003-03-16,DFW,LGA,20.5167,24.0667,20.4167,23.9167,24.7,20.8,False,America/Chicago,America/New_York
778,2003-03-16,DFW,LGA,21.75,24.9167,21.8167,25.25,26.0167,22.15,False,America/Chicago,America/New_York
520,2003-03-16,MSP,LGA,7.95,10.6833,7.95,10.5667,11.3833,8.15,False,America/Chicago,America/New_York
512,2003-03-16,MSP,LGA,11.25,13.9167,11.2667,13.8833,14.6667,11.4333,False,America/Chicago,America/New_York
510,2003-03-16,MSP,LGA,14.5833,17.2833,14.5333,17.25,18.0333,14.7,False,America/Chicago,America/New_York
592,2003-03-16,MSP,LGA,16.3667,19.15,16.2167,19.0833,19.7167,16.45,False,America/Chicago,America/New_York
514,2003-03-16,MSP,LGA,17.6667,20.55,18.1833,21.25,21.9833,18.5333,False,America/Chicago,America/New_York
516,2003-03-16,MSP,LGA,20.0833,22.8833,20,22.75,23.55,20.3833,False,America/Chicago,America/New_York
1268,2003-03-16,CVG,LGA,7.18333,9.1,7.2,8.98333,8.85,7.38333,False,America/New_York,America/New_York
1058,2003-03-16,CVG,LGA,8.85,10.6833,8.75,10.5333,10.3667,8.91667,False,America/New_York,America/New_York
1254,2003-03-16,CVG,LGA,10.6833,12.5167,10.6333,12.35,12.2333,10.8,False,America/New_York,America/New_York
1284,2003-03-16,CVG,LGA,14.6,16.6667,23.9333,23.9333,23.9333,23.9333,True,America/New_York,America/New_York
1204,2003-03-16,CVG,LGA,19.1,21.0833,19.6833,21.5,21.3333,19.8667,False,America/New_York,America/New_York
1038,2003-03-16,CVG,LGA,22.7667,24.5667,23.0333,24.6833,24.5333,23.2,False,America/New_York,America/New_York
404,2003-03-16,DEN,LGA,9.4,12.9333,9.36667,12.7833,14.7833,9.53333,False,America/Denver,America/New_York
414,2003-03-16,DEN,LGA,12.1667,15.7,12.2,15.65,17.65,12.45,False,America/Denver,America/New_York
412,2003-03-16,DEN,LGA,14.4167,17.95,14.4167,18.0333,20,14.7667,False,America/Denver,America/New_York
406,2003-03-16,DEN,LGA,17.8333,21.25,17.8167,21.2833,23.2833,18.05,False,America/Denver,America/New_York
410,2003-03-16,DEN,LGA,20.3333,23.7,20.2667,23.5833,25.6167,20.4,False,America/Denver,America/New_York
1368,2003-03-16,MCO,LGA,7.36667,9.91667,7.23333,9.58333,9.53333,7.5,False,America/New_York,America/New_York
344,2003-03-16,MCO,LGA,10.0167,12.5833,10.0167,12.3833,12.25,10.2333,False,America/New_York,America/New_York
1348,2003-03-16,MCO,LGA,11.0167,13.5167,10.9667,13.3,13.2333,11.2,False,America/New_York,America/New_York
1394,2003-03-16,MCO,LGA,15.3667,17.9167,15.2833,17.8,17.6833,15.6,False,America/New_York,America/New_York
234,2003-03-16,MCO,LGA,15.6,18.1833,15.6333,18.1167,17.8667,15.8833,False,America/New_York,America/New_York
492,2003-03-16,MCO,LGA,17.0167,19.6,16.95,19.5,19.3667,17.2833,False,America/New_York,America/New_York
2124,2003-03-16,MCO,LGA,19.9333,22.4333,19.8667,22.4333,22.1833,20.2,False,America/New_York,America/New_York
201,2003-03-16,CAK,LGA,7.68333,9.26667,7.55,9.1,8.93333,7.7,False,America/New_York,America/New_York
203,2003-03-16,CAK,LGA,17.1,18.6833,17.7667,19.2667,19.2,18.0333,False,America/New_York,America/New_York
260,2003-03-16,PBI,LGA,7.76667,10.4833,7.88333,10.5,10.3333,8.15,False,America/New_York,America/New_York
1224,2003-03-16,PBI,LGA,10.7667,13.5833,10.8333,13.4167,13.3667,11.1,False,America/New_York,America/New_York
702,2003-03-16,PBI,LGA,12.7667,15.5167,12.9167,15.6833,15.55,13.35,False,America/New_York,America/New_York
1858,2003-03-16,PBI,LGA,14.85,17.7167,15.2167,18.2167,18.0167,15.5,False,America/New_York,America/New_York
1996,2003-03-16,PBI,LGA,19.1667,21.9333,19.2833,21.9667,21.8833,19.5,False,America/New_York,America/New_York
530,2003-03-16,PBI,LGA,20.7667,23.4667,20.9167,23.5833,23.4167,21.15,False,America/New_York,America/New_York
2619,2003-03-16,BOS,LGA,7.93333,9.1,7.86667,8.86667,8.75,8.11667,False,America/New_York,America/New_York
1825,2003-03-16,BOS,LGA,8.43333,9.68333,8.45,9.38333,9.33333,8.7,False,America/New_York,America/New_York
1827,2003-03-16,BOS,LGA,9.43333,10.6667,9.41667,10.6,10.3833,9.71667,False,America/New_York,America/New_York
2623,2003-03-16,BOS,LGA,9.93333,11.05,9.93333,11.15,11.05,10.3833,False,America/New_York,America/New_York
1829,2003-03-16,BOS,LGA,10.4333,11.6333,10.3833,11.3667,11.3167,10.6667,False,America/New_York,America/New_York
4728,2003-03-16,BOS,LGA,10.9333,12.2667,11,12.0333,11.9333,11.25,False,America/New_York,America/New_York
1831,2003-03-16,BOS,LGA,11.4333,12.5667,11.4333,12.5333,12.4667,11.7167,False,America/New_York,America/New_York
2627,2003-03-16,BOS,LGA,11.9333,13,11.8833,12.9333,12.8333,12.1833,False,America/New_York,America/New_York
1833,2003-03-16,BOS,LGA,12.4333,13.5667,12.4167,13.3,13.2667,12.65,False,America/New_York,America/New_York
4722,2003-03-16,BOS,LGA,12.9333,14.1833,12.8,13.9167,13.7667,12.9333,False,America/New_York,America/New_York
1835,2003-03-16,BOS,LGA,13.4333,14.5167,13.3833,14.3667,14.3167,13.65,False,America/New_York,America/New_York
2631,2003-03-16,BOS,LGA,13.9333,15,13.8833,14.8833,14.7833,14.1333,False,America/New_York,America/New_York
4739,2003-03-16,BOS,LGA,13.9333,15.2667,13.9833,15.0833,14.9,14.2,False,America/New_York,America/New_York
1837,2003-03-16,BOS,LGA,14.4333,15.6,14.4333,15.3167,15.2667,14.6333,False,America/New_York,America/New_York
1839,2003-03-16,BOS,LGA,15.4333,16.65,15.4,16.3667,16.3333,15.6833,False,America/New_York,America/New_York
2635,2003-03-16,BOS,LGA,15.9333,17.1167,15.85,16.8333,16.7167,16.0833,False,America/New_York,America/New_York
4715,2003-03-16,BOS,LGA,15.9333,17.1,15.8,17.0333,16.9,16.1833,False,America/New_York,America/New_York
1841,2003-03-16,BOS,LGA,16.4333,17.6167,16.4,17.2833,17.25,16.6,False,America/New_York,America/New_York
4724,2003-03-16,BOS,LGA,16.9333,18.2667,17.3,18.3333,18.1833,17.5,False,America/New_York,America/New_York
1843,2003-03-16,BOS,LGA,17.4333,18.6833,17.4167,18.5,18.45,17.7667,False,America/New_York,America/New_York
2639,2003-03-16,BOS,LGA,17.9333,19.2333,17.8667,18.95,18.8333,18.1667,False,America/New_York,America/New_York
1845,2003-03-16,BOS,LGA,18.4333,19.6833,18.4167,19.3333,19.2833,18.6167,False,America/New_York,America/New_York
1847,2003-03-16,BOS,LGA,19.4333,20.6833,19.3833,20.2333,20.1833,19.5833,False,America/New_York,America/New_York
2643,2003-03-16,BOS,LGA,19.9333,21.0833,19.8833,20.9,20.7833,20.0333,False,America/New_York,America/New_York
1849,2003-03-16,BOS,LGA,20.4333,21.6,20.9167,21.8333,21.7333,21.0833,False,America/New_York,America/New_York
1440,2003-03-16,TPA,LGA,7.96667,10.5667,7.88333,10.3333,10.2667,8.13333,False,America/New_York,America/New_York
1456,2003-03-16,TPA,LGA,8.18333,10.75,8.13333,10.6333,10.5167,8.31667,False,America/New_York,America/New_York
1050,2003-03-16,TPA,LGA,11.9833,14.5667,11.85,14.4333,14.3667,12.1167,False,America/New_York,America/New_York
1720,2003-03-16,TPA,LGA,13.2667,15.75,13.2833,15.6667,15.5167,13.4333,False,America/New_York,America/New_York
1282,2003-03-16,TPA,LGA,18.1,20.7,18.0667,20.9833,20.8667,18.2167,False,America/New_York,America/New_York
4461,2003-03-16,RDU,LGA,8.01667,9.51667,7.85,9.28333,9.13333,8.11667,False,America/New_York,America/New_York
4446,2003-03-16,RDU,LGA,9.43333,10.9333,9.38333,10.8333,10.6833,9.58333,False,America/New_York,America/New_York
4466,2003-03-16,RDU,LGA,17.7667,19.2667,17.8,19.2833,19.0667,17.9667,False,America/New_York,America/New_York
4468,2003-03-16,RDU,LGA,20.1833,21.6833,20.35,21.6,21.5333,20.4167,False,America/New_York,America/New_York
1234,2003-03-16,CLT,LGA,8.43333,10.3833,8.48333,10.25,10.1167,8.75,False,America/New_York,America/New_York
1672,2003-03-16,CLT,LGA,10.35,12.1333,10.45,12.2,12.1167,10.7333,False,America/New_York,America/New_York
1010,2003-03-16,CLT,LGA,12.35,14.1167,12.3167,14.05,13.9167,12.5667,False,America/New_York,America/New_York
639,2003-03-16,CLT,LGA,14.1,15.8833,14.05,15.7667,15.6167,14.3,False,America/New_York,America/New_York
1944,2003-03-16,CLT,LGA,16.1,17.85,15.9667,17.6667,17.5667,16.25,False,America/New_York,America/New_York
1088,2003-03-16,CLT,LGA,17.6833,19.45,17.6833,19.3833,19.2167,17.8833,False,America/New_York,America/New_York
1136,2003-03-16,CLT,LGA,19.9333,21.7333,21.2167,22.8167,22.7,21.4167,False,America/New_York,America/New_York
40,2003-03-16,CLT,LGA,21.6,23.3333,21.65,23.3667,23.25,21.9667,False,America/New_York,America/New_York
1744,2003-03-16,DCA,LGA,8.43333,9.46667,8.38333,9.61667,9.28333,8.58333,False,America/New_York,America/New_York
2664,2003-03-16,DCA,LGA,8.93333,9.98333,8.85,9.85,9.71667,9.01667,False,America/New_York,America/New_York
2666,2003-03-16,DCA,LGA,9.93333,10.9833,9.86667,10.7,10.6167,10,False,America/New_York,America/New_York
1748,2003-03-16,DCA,LGA,10.4333,11.5,10.4,11.3,11.2333,10.5833,False,America/New_York,America/New_York
2668,2003-03-16,DCA,LGA,10.9333,11.9167,10.8833,11.75,11.65,11.0167,False,America/New_York,America/New_York
4490,2003-03-16,DCA,LGA,10.9333,12.1,10.8,11.85,11.6167,10.95,False,America/New_York,America/New_York
1750,2003-03-16,DCA,LGA,11.4333,12.45,11.4,12.5167,12.4833,11.65,False,America/New_York,America/New_York
2670,2003-03-16,DCA,LGA,11.9333,12.9,11.9,12.85,12.7667,12.0667,False,America/New_York,America/New_York
1752,2003-03-16,DCA,LGA,12.4333,13.4833,12.5333,13.5167,13.4833,12.7333,False,America/New_York,America/New_York
2672,2003-03-16,DCA,LGA,12.9333,14,12.85,13.9,13.7833,13.1,False,America/New_York,America/New_York
4469,2003-03-16,DCA,LGA,12.9333,14.1,12.8,13.7667,13.7167,12.9833,False,America/New_York,America/New_York
1754,2003-03-16,DCA,LGA,13.4333,14.5167,13.4333,14.4333,14.4,13.6333,False,America/New_York,America/New_York
2674,2003-03-16,DCA,LGA,13.9333,15,13.8833,14.85,14.7667,14.0333,False,America/New_York,America/New_York
4498,2003-03-16,DCA,LGA,13.9333,15.2667,13.7833,14.6333,14.5833,13.9,False,America/New_York,America/New_York
1756,2003-03-16,DCA,LGA,14.4333,15.5167,14.4167,15.55,15.4833,14.6833,False,America/New_York,America/New_York
2676,2003-03-16,DCA,LGA,14.9333,16,14.8667,15.8333,15.75,15.0333,False,America/New_York,America/New_York
4492,2003-03-16,DCA,LGA,14.9333,16.1833,14.75,15.8167,15.7167,14.9833,False,America/New_York,America/New_York
1758,2003-03-16,DCA,LGA,15.4333,16.6,15.4333,16.55,16.5167,15.85,False,America/New_York,America/New_York
2678,2003-03-16,DCA,LGA,15.9333,16.9167,15.85,16.7833,16.7,16.0167,False,America/New_York,America/New_York
1760,2003-03-16,DCA,LGA,16.4333,17.55,16.4,17.2833,17.2667,16.5833,False,America/New_York,America/New_York
2680,2003-03-16,DCA,LGA,16.9333,18.0167,16.9167,17.8333,17.75,17.05,False,America/New_York,America/New_York
4472,2003-03-16,DCA,LGA,16.9333,18.1833,16.7333,17.8167,17.6,16.9167,False,America/New_York,America/New_York
1762,2003-03-16,DCA,LGA,17.4333,18.6333,17.3833,18.3167,18.2667,17.6,False,America/New_York,America/New_York
2682,2003-03-16,DCA,LGA,17.9333,19.1,17.85,18.8833,18.7833,18.0333,False,America/New_York,America/New_York
1764,2003-03-16,DCA,LGA,18.4333,19.6,18.35,19.3167,19.2667,18.5667,False,America/New_York,America/New_York
2684,2003-03-16,DCA,LGA,18.9333,20.0333,18.8667,19.9,19.8,19.1,False,America/New_York,America/New_York
4494,2003-03-16,DCA,LGA,18.9333,20.35,18.7833,19.8,19.7167,19,False,America/New_York,America/New_York
1766,2003-03-16,DCA,LGA,19.4333,20.5167,19.4,20.5833,20.5333,19.6833,False,America/New_York,America/New_York
2686,2003-03-16,DCA,LGA,19.9333,21,19.9,21.15,21.0333,20.2167,False,America/New_York,America/New_York
1768,2003-03-16,DCA,LGA,20.4333,21.4333,20.4667,21.4333,21.3833,20.6667,False,America/New_York,America/New_York
2688,2003-03-16,DCA,LGA,20.9333,21.9167,20.85,21.95,21.8333,21.1667,False,America/New_York,America/New_York
1770,2003-03-16,DCA,LGA,21.4333,22.4333,21.9333,22.8667,22.8333,22.15,False,America/New_York,America/New_York
846,2003-03-16,IAD,LGA,8.6,9.75,8.55,9.55,9.48333,8.76667,False,America/New_York,America/New_York
7002,2003-03-16,IAD,LGA,12.9333,14.1333,12.9167,14.0833,14.0333,13.2,False,America/New_York,America/New_York
7006,2003-03-16,IAD,LGA,17.1833,18.5,23.9333,23.9333,23.9333,23.9333,True,America/New_York,America/New_York
7796,2003-03-16,IAD,LGA,18.9333,20.3,18.8333,20.0167,19.9167,18.9333,False,America/New_York,America/New_York
7008,2003-03-16,IAD,LGA,21.35,22.4833,21.2833,22.3,22.25,21.5167,False,America/New_York,America/New_York
630,2003-03-16,MEM,LGA,9.91667,12.3833,9.86667,12.4333,13.25,10.0333,False,America/Chicago,America/New_York
804,2003-03-16,MEM,LGA,13.6833,16.0833,13.65,16.1167,16.8833,13.8667,False,America/Chicago,America/New_York
634,2003-03-16,MEM,LGA,18.4333,20.95,18.4333,21.2167,21.9333,18.7,False,America/Chicago,America/New_York
628,2003-03-16,MEM,LGA,22.0167,24.4,21.95,24.5333,25.3,22.2333,False,America/Chicago,America/New_York
1232,2003-03-16,IAH,LGA,10.0167,13.4333,10,13.4,14.25,10.2333,False,America/Chicago,America/New_York
432,2003-03-16,IAH,LGA,11.95,15.25,11.9167,15.55,16.3667,12.3167,False,America/Chicago,America/New_York
532,2003-03-16,IAH,LGA,14.1833,17.55,14.1333,17.4167,18.2333,14.3167,False,America/Chicago,America/New_York
1532,2003-03-16,IAH,LGA,15.3,18.9167,15.2333,18.5667,19.4,15.4,False,America/Chicago,America/New_York
632,2003-03-16,IAH,LGA,16.7667,20.3,16.6667,20.5833,21.3833,17.1667,False,America/Chicago,America/New_York
1632,2003-03-16,IAH,LGA,18.4667,21.8833,18.4,21.8667,22.6833,18.7833,False,America/Chicago,America/New_York
732,2003-03-16,IAH,LGA,19.65,23.0667,19.7167,23.1833,24,20.0833,False,America/Chicago,America/New_York
1832,2003-03-16,IAH,LGA,21.2667,24.8333,21.5667,24.9167,25.75,21.85,False,America/Chicago,America/New_York
4408,2003-03-16,CMH,LGA,9.26667,10.9333,9.26667,10.8333,10.7333,9.5,False,America/New_York,America/New_York
4412,2003-03-16,CMH,LGA,12.6,14.2667,12.4667,14.1,13.9833,12.6,False,America/New_York,America/New_York
4424,2003-03-16,CMH,LGA,16.0167,17.7667,23.9333,23.9333,23.9333,23.9333,True,America/New_York,America/New_York
222,2003-03-16,MDW,LGA,11.3333,13.4167,12.2167,14.3,15.1333,12.4,False,America/Chicago,America/New_York
218,2003-03-16,MDW,LGA,13.1833,15.4333,14.7,17.1333,17.8333,15.1833,False,America/Chicago,America/New_York
556,2003-03-16,MDW,LGA,14.1,16.15,14.05,16.1167,16.9667,14.2667,False,America/Chicago,America/New_York
214,2003-03-16,MDW,LGA,14.2667,16.5167,14.6,16.8167,17.6667,14.9333,False,America/Chicago,America/New_York
580,2003-03-16,MDW,LGA,20.1,22.2833,19.9833,22.1,22.8667,20.15,False,America/Chicago,America/New_York
208,2003-03-16,MDW,LGA,20.1833,22.3333,21.5167,23.7667,24.6,21.9167,False,America/Chicago,America/New_York
2298,2003-03-16,RSW,LGA,10.4333,13.1667,10.3833,13.1,12.95,10.6333,False,America/New_York,America/New_York
3140,2003-03-16,STL,LGA,11.6833,14.2167,11.6,14.35,15.0333,11.9833,False,America/Chicago,America/New_York
2888,2003-03-16,STL,LGA,14.6833,17.2,14.5667,17.05,17.9,14.85,False,America/Chicago,America/New_York
3164,2003-03-16,STL,LGA,17.8833,20.3833,17.8333,20.2667,21.15,18.2167,False,America/Chicago,America/New_York
2892,2003-03-16,STL,LGA,19.4833,22.0667,19.4167,22.0667,22.9,19.9667,False,America/Chicago,America/New_York
2816,2003-03-16,STL,LGA,20.7833,23.2333,20.7333,23.1667,24.0333,21.1,False,America/Chicago,America/New_York
438,2003-03-16,MSY,LGA,11.85,14.6167,11.7167,14.5833,15.3833,11.9333,False,America/Chicago,America/New_York
1800,2003-03-16,MSY,LGA,14.9667,17.9167,14.8167,17.6333,18.4333,14.95,False,America/Chicago,America/New_York
4435,2003-03-16,CLE,LGA,11.1,12.6,10.9167,12.25,12.1833,11.0333,False,America/New_York,America/New_York
2114,2003-03-16,CLE,LGA,11.2667,12.7667,11.1333,12.6333,12.55,11.3,False,America/New_York,America/New_York
2214,2003-03-16,CLE,LGA,12.9333,14.5167,12.8,14.3333,14.25,12.9667,False,America/New_York,America/New_York
1450,2003-03-16,CLE,LGA,15.4333,16.9167,15.3333,16.6833,16.6,15.5167,False,America/New_York,America/New_York
4443,2003-03-16,CLE,LGA,15.85,17.5167,15.7667,17.2833,17.2,15.9333,False,America/New_York,America/New_York
2314,2003-03-16,CLE,LGA,16.85,18.4167,16.7833,18.3667,18.25,17.1167,False,America/New_York,America/New_York
1050,2003-03-16,CLE,LGA,19.0167,20.5667,19.1,20.9,20.8,19.4333,False,America/New_York,America/New_York
2414,2003-03-16,CLE,LGA,20.4333,21.9833,20.2833,21.7667,21.6667,20.55,False,America/New_York,America/New_York
4439,2003-03-16,BNA,LGA,12.1,14.4333,11.9833,14.1333,15,12.15,False,America/Chicago,America/New_York
1452,2003-03-16,BNA,LGA,16.0333,18.2167,16.7667,19.1,19.8,16.9833,False,America/Chicago,America/New_York
4441,2003-03-16,BNA,LGA,19.85,22.1,19.75,21.8,22.6167,19.85,False,America/Chicago,America/New_York
4460,2003-03-16,PWM,LGA,14.85,16.1833,14.7167,15.8,15.7,14.8333,False,America/New_York,America/New_York
1454,2003-03-16,HOU,LGA,17.95,21.4333,17.9333,21.4167,22.2333,18.2333,False,America/Chicago,America/New_York
3064,2003-03-16,MCI,LGA,19.5167,22.2667,19.4167,22.1,22.95,19.5833,False,America/Chicago,America/New_York
414,2003-03-16,IND,LGA,19.7333,20.8833,20.9333,21.9333,22.6667,21.0833,False,America/Indiana/Indianapolis,America/New_York
4450,2003-03-16,XNA,LGA,20.0167,22.7667,19.8167,22.55,23.3833,19.9333,False,America/Chicago,America/New_York
1082,2003-03-16,PHL,LGA,19.9333,20.9167,19.9333,20.9167,20.75,20.1167,False,America/New_York,America/New_York
106,2003-03-16,PHL,LGA,21.6833,22.6667,21.6833,22.5,22.4,21.9333,False,America/New_York,America/New_York
